ARG 20:00 395 1 COLON SANTA FE 2.65 2.70 2.55 INDEPENDIENTE 1.34 1.30 1.31 3.40 1.80 3.30 3.05 2.05 2.95 4.75 6.00 25.00 15.00 3.75 15.00 25.00 5.75 4.50 2.60 1.30 1.45 2.15 1.10 4.00 2.60 1.78 4.00 1.80 1.70
ARG 20:00 396 1 RACING CLUB 3.10 3.00 2.10 BOCA JUNIORS 1.52 1.25 1.24 3.70 1.98 2.70 3.35 2.25 2.45 5.50 7.00 28.00 15.00 4.40 15.00 25.00 5.25 3.45 3.50 1.15 1.75 1.75 1.22 3.00 3.50 1.72 3.00 1.58 1.92
PER 20:00 386 1 U. CESAR VALLEJO 2.80 3.20 2.10 SPORTING CRISTAL 1.49 1.20 1.27 3.45 2.12 2.75 3.05 2.30 2.40 4.90 7.25 30.00 15.00 5.25 15.00 25.00 5.75 3.60 3.75 1.18 1.85 1.65 1.32 2.80 3.75 1.80 2.80 1.52 2.00
PER 20:00 387 1 CUSCO FC 1.80 3.20 3.50 BINACIONAL 1.15 1.19 1.67 2.45 2.12 4.20 2.10 2.30 3.60 3.05 4.90 23.00 15.00 5.25 15.00 35.00 8.50 6.50 3.60 1.20 1.80 1.70 1.30 2.90 3.60 1.80 2.90 1.58 1.92
PER 20:00 388 1 DEPOR. CANTOLAO 3.40 3.20 1.85 AYACUCHO FC 1.65 1.20 1.17 4.10 2.10 2.50 3.60 2.25 2.15 6.00 8.25 35.00 15.00 5.00 15.00 23.00 5.00 3.15 3.40 1.22 1.75 1.75 1.28 3.00 3.40 1.80 3.00 1.62 1.88
PER 20:00 389 1 MELGAR 3.30 3.10 1.90 CIENCIANO 1.60 1.21 1.18 4.00 2.08 2.60 3.50 2.25 2.20 6.00 8.00 30.00 15.00 4.90 15.00 25.00 5.00 3.25 3.60 1.20 1.75 1.75 1.28 3.00 3.60 1.75 3.00 1.60 1.90
PER 20:00 390 1 SPORT HUANCAYO 2.40 2.90 2.60 SPORT BOYS 1.31 1.25 1.37 3.15 1.98 3.35 2.70 2.15 2.90 4.25 6.00 28.00 15.00 4.50 15.00 28.00 6.50 4.75 3.20 1.25 1.65 1.85 1.22 3.40 3.20 1.75 3.40 1.62 1.88
PER 20:00 391 1 U. SAN MARTIN 2.20 2.90 2.80 DEPOR MUNICIPAL 1.25 1.23 1.42 2.95 2.00 3.60 2.55 2.15 3.10 3.90 5.50 25.00 14.00 4.60 15.00 30.00 7.00 5.25 3.40 1.22 1.70 1.80 1.25 3.20 3.40 1.75 3.20 1.58 1.92
PER 20:00 392 1 UTC 2.35 3.10 2.45 ALIANZA ATLETICO 1.34 1.20 1.37 3.10 2.05 3.20 2.70 2.25 2.80 4.10 6.25 28.00 15.00 5.00 15.00 28.00 6.25 4.25 3.40 1.22 1.70 1.80 1.25 3.20 3.40 1.75 3.20 1.62 1.88
PER 20:00 393 1 ALIANZA LIMA 1.90 3.10 3.30 ALIANZA UNIVERSIDAD 1.18 1.21 1.60 2.60 2.02 4.10 2.25 2.20 3.60 3.30 5.00 25.00 15.00 4.90 15.00 30.00 8.00 6.00 3.00 1.28 1.60 1.90 1.20 3.60 3.00 1.75 3.60 1.72 1.78
PER 20:00 394 1 UNIVERSITARIO 2.30 3.00 2.60 CARLOS MANNUCCI 1.30 1.22 1.39 3.00 2.08 3.30 2.60 2.25 2.85 4.10 6.00 25.00 14.00 4.75 15.00 30.00 6.50 4.60 3.75 1.18 1.85 1.65 1.32 2.80 3.75 1.80 2.80 1.50 2.05
