POL3 09:00 1807 3 BLEKITNI STARGARD 3.70 3.70 1.65 GKS KATOWICE 1.85 1.14 1.14 - - - - - - - - - - - - - - - - - - - - - - - - - -
POR 10:00 1709 1 TONDELA 2.20 2.90 3.00 BELENENSES 1.25 1.27 1.47 2.80 1.85 3.90 2.55 2.12 3.50 3.60 5.00 25.00 15.00 4.25 15.00 28.00 7.00 5.50 2.60 1.30 1.45 2.15 1.10 4.00 2.60 1.78 4.00 1.85 1.65
POR 10:00 1764 1 SANTA CLARA 2.20 2.95 2.95 RIO AVE 1.26 1.26 1.48 2.80 1.88 3.90 2.50 2.15 3.50 3.50 5.00 25.00 15.00 4.25 15.00 28.00 7.00 5.50 2.60 1.30 1.45 2.15 1.10 4.00 2.60 1.78 4.00 1.85 1.65
ARM 10:30 1412 3 URARTU 1.94 2.85 3.52 FC VAN 1.15 1.25 1.57 - - - - - - - - - - - - - - - - - - - - - - - - - -
FIN 10:30 1710 3 ILVES 4.60 3.50 1.53 HELSINKI 1.99 1.15 1.06 6.25 2.00 1.90 6.00 2.35 1.70 11.00 13.00 40.00 17.00 5.25 16.00 22.00 3.75 2.15 2.85 1.20 1.78 1.72 1.12 3.50 2.85 1.78 3.50 2.00 1.52
FIN 10:30 1711 3 LAHTI 3.10 2.95 2.05 KUOPION 1.51 1.23 1.21 3.75 1.85 2.65 3.50 2.15 2.35 5.50 7.25 28.00 15.00 4.25 14.00 25.00 4.90 3.30 2.75 1.22 1.52 2.00 1.10 3.75 2.75 1.75 3.75 1.80 1.70
SUE2 11:30 210 3 OSTER 2.20 3.00 2.75 SUNDSVALL 1.27 1.22 1.43 2.60 1.95 3.60 2.35 2.20 3.30 3.25 5.00 25.00 14.00 4.75 14.00 28.00 7.00 5.00 2.85 1.20 1.65 1.85 1.12 3.50 2.85 1.78 3.50 1.72 1.78
AUT 11:30 1714 3 RIED 2.00 3.50 2.90 ADMIRA WM 1.27 1.18 1.59 2.45 2.12 3.75 2.20 2.40 3.50 3.00 5.00 23.00 14.00 5.25 14.00 28.00 7.75 5.50 3.90 1.12 1.92 1.58 1.30 2.60 3.90 1.78 2.60 1.50 2.05
AUT 11:30 1715 2 ST POLTEN 2.45 3.20 2.45 ALTACH 1.39 1.23 1.39 2.95 2.10 3.00 2.70 2.40 2.80 3.75 6.00 25.00 14.00 5.25 14.00 28.00 6.25 4.00 3.50 1.15 1.72 1.78 1.25 2.85 3.50 1.78 2.85 1.55 1.95
BUL 11:30 1716 3 LOKOMOTIV PLOVDIV 1.45 3.60 5.40 BEROE 1.03 1.14 2.16 2.00 2.00 5.25 1.80 2.35 5.00 - - - - - - - - - 2.85 1.20 1.62 1.88 1.12 3.50 2.85 1.62 3.50 1.92 1.58
POR 12:00 1722 1 NACIONAL MADEIRA 9.25 5.25 1.20 BENFICA 3.35 1.06 - 8.25 2.60 1.55 8.00 3.15 1.42 17.00 23.00 50.00 21.00 8.75 20.00 20.00 3.90 1.65 4.75 1.06 2.15 1.45 1.42 2.25 4.75 1.85 2.25 1.88 1.62
INPL 12:00 1721 1 MANCHESTER UTD 2.45 3.15 2.85 LEICESTER 1.38 1.32 1.50 3.00 1.98 3.40 2.75 2.25 3.10 3.90 5.50 25.00 14.00 4.40 14.00 28.00 6.25 4.60 3.30 1.18 1.72 1.88 1.20 3.10 3.30 1.80 3.10 1.60 1.90
ESP 12:00 1719 1 OSASUNA 2.02 3.00 3.50 CADIZ 1.21 1.28 1.62 2.75 1.88 4.30 2.45 2.15 3.90 3.35 4.75 25.00 15.00 4.10 15.00 28.00 7.75 6.25 2.60 1.30 1.45 2.15 1.10 4.00 2.60 1.85 4.00 1.88 1.62
DEN2 12:00 1422 3 HOBRO 1.82 3.15 3.50 SKIVE 1.15 1.20 1.66 2.55 1.90 3.90 2.30 2.20 3.50 3.20 4.75 25.00 14.00 4.50 14.00 28.00 7.25 5.50 2.85 1.20 1.62 1.88 1.12 3.50 2.85 1.78 3.50 1.72 1.78
G4SW 12:00 1426 3 TSG BALINGEN 3.24 3.05 1.95 ULM 1846 1.57 1.22 1.19 - - - - - - - - - - - - - - - - - - - - - - - - - -
DEN2 12:00 1718 3 VENDSYSSEL 2.40 2.90 2.55 KOLDING 1.31 1.24 1.36 2.95 1.95 3.05 2.70 2.25 2.80 3.90 5.75 25.00 14.00 4.75 14.00 25.00 6.00 4.00 3.00 1.18 1.58 1.92 1.15 3.20 3.00 1.80 3.20 1.65 1.85
SUI2 12:00 1723 3 AARAU 1.75 3.60 3.35 KRIENS 1.18 1.15 1.74 2.20 2.20 3.75 2.00 2.50 3.50 2.60 4.75 20.00 13.00 6.00 14.00 32.00 8.25 5.50 4.25 1.06 2.25 1.42 1.35 2.25 4.25 1.75 2.25 1.45 2.15
DEN2 12:00 1746 3 HB KOGE 3.00 3.20 2.08 HELSINGOR 1.55 1.23 1.26 3.45 2.08 2.60 3.20 2.40 2.40 4.90 7.00 28.00 14.00 5.00 14.00 25.00 5.25 3.30 3.90 1.12 1.95 1.55 1.28 2.70 3.90 1.75 2.70 1.52 2.00
ROC 12:15 1725 3 DINAMO BUCAREST 2.25 2.80 2.85 ASTRA GIURGIU 1.25 1.26 1.41 2.95 1.78 3.60 2.65 2.05 3.25 3.75 5.25 25.00 14.00 3.90 14.00 28.00 6.25 4.90 2.50 1.28 1.42 2.25 1.06 4.25 2.50 1.62 4.25 1.88 1.62
TUR 12:30 1433 3 ALANYASPOR 1.43 4.00 5.50 ERZURUM 1.05 1.13 2.32 1.85 2.25 6.00 1.67 2.65 5.75 2.05 4.00 20.00 16.00 6.25 17.00 40.00 14.00 11.00 4.00 1.10 1.92 1.58 1.35 2.45 4.00 1.85 2.45 1.70 1.80
TUR 12:30 1438 3 GAZIANTEP BLD SPOR 1.78 3.40 3.60 RIZESPOR 1.17 1.19 1.75 2.25 2.20 4.00 2.05 2.55 3.75 2.70 4.75 21.00 14.00 5.75 15.00 32.00 8.75 6.25 4.50 1.08 1.92 1.58 1.40 2.30 4.50 1.85 2.30 1.45 2.15
TUR 12:30 1439 3 GENCLERBIRLIGI 2.70 3.35 2.18 GOEZTEPE 1.50 1.21 1.32 3.30 2.08 2.75 3.00 2.35 2.50 4.40 6.75 28.00 14.00 5.25 14.00 25.00 5.50 3.50 3.30 1.18 1.75 1.75 1.22 3.00 3.30 1.78 3.00 1.60 1.90
TUR 12:30 1440 2 KASIMPASA 1.98 3.30 3.15 ANKARAGUCU 1.24 1.22 1.61 2.70 2.05 3.45 2.45 2.35 3.15 3.45 5.25 25.00 14.00 5.00 14.00 28.00 6.75 4.75 3.30 1.18 1.85 1.65 1.22 3.00 3.30 1.78 3.00 1.58 1.92
TUR 12:30 1441 3 KONYASPOR 3.15 3.00 2.08 TRABZONSPOR 1.54 1.25 1.23 3.80 1.90 2.75 3.50 2.18 2.50 5.50 7.25 28.00 15.00 4.25 15.00 25.00 5.00 3.45 2.85 1.25 1.55 1.95 1.15 3.50 2.85 1.78 3.50 1.78 1.72
TUR 12:30 1442 3 YENI MALATYASPOR 2.80 3.20 2.18 HATAYSPOR 1.49 1.23 1.30 3.40 2.00 2.80 3.10 2.30 2.55 4.50 6.75 28.00 15.00 4.90 14.00 25.00 5.50 3.50 3.00 1.22 1.62 1.88 1.15 3.50 3.00 1.72 3.50 1.70 1.80
TUR 12:30 1727 3 BASAKSEHIR 1.80 3.25 3.80 KAYSERISPOR 1.16 1.22 1.75 2.40 1.98 4.40 2.18 2.25 4.00 2.90 4.60 23.00 14.00 4.75 15.00 32.00 8.50 6.50 3.00 1.22 1.58 1.92 1.15 3.50 3.00 1.72 3.50 1.80 1.70
TUR 12:30 1728 3 BESIKTAS 1.23 5.10 8.25 KARAGUMRUK - 1.07 3.15 1.57 2.60 7.75 1.43 3.10 7.50 1.68 4.00 20.00 19.00 8.50 21.00 50.00 21.00 16.00 4.75 1.06 2.30 1.40 1.48 2.10 4.75 1.95 2.10 1.82 1.68
TUR 12:30 1729 3 DENIZLISPOR 9.25 5.10 1.20 GALATASARAY 3.29 1.06 - 7.25 2.55 1.60 6.75 3.05 1.47 13.00 19.00 50.00 20.00 9.25 18.00 19.00 4.10 1.70 4.00 1.10 2.00 1.52 1.32 2.50 4.00 1.80 2.50 1.92 1.58
TUR 12:30 1730 3 FENERBAHCE 1.47 4.00 4.90 SIVASSPOR 1.07 1.13 2.20 2.10 2.25 4.40 1.92 2.60 4.10 2.45 4.60 20.00 14.00 6.25 15.00 38.00 10.00 7.00 4.00 1.10 2.05 1.50 1.38 2.35 4.00 1.90 2.35 1.52 2.00
ESP 13:00 1732 1 ELCHE 2.80 2.95 2.40 ALAVES 1.44 1.29 1.32 3.50 1.88 3.15 3.20 2.15 2.85 4.75 6.25 28.00 15.00 4.10 15.00 25.00 5.50 4.10 2.60 1.30 1.48 2.10 1.10 4.00 2.60 1.85 4.00 1.82 1.68
ICL 13:00 1733 2 ALDERSHOT 2.30 3.20 2.50 YEOVIL 1.34 1.20 1.40 2.75 2.05 3.10 2.50 2.35 2.85 3.50 5.50 25.00 13.00 5.25 13.00 28.00 6.25 4.10 3.50 1.12 1.72 1.78 1.20 2.85 3.50 1.78 2.85 1.58 1.92
ICL 13:00 1446 3 SOLIHULL 1.68 3.25 4.00 WEYMOUTH 1.11 1.18 1.79 2.00 2.20 4.25 1.85 2.55 4.10 2.35 4.50 19.00 14.00 6.25 15.00 35.00 9.75 6.75 4.00 1.08 1.65 1.85 1.30 2.40 4.00 1.90 2.40 1.55 1.95
ICL 13:00 1447 3 STOCKPORT 1.53 3.60 4.40 DAGENHAM & RED 1.07 1.14 1.98 2.00 2.15 4.75 1.80 2.45 4.50 2.25 4.25 21.00 15.00 5.75 16.00 40.00 10.50 7.75 3.50 1.12 1.72 1.78 1.22 2.75 3.50 1.80 2.75 1.68 1.82
SUI2 13:00 1449 3 WIL 1.81 3.30 3.45 CHIASSO 1.17 1.19 1.69 2.40 2.00 3.90 2.15 2.25 3.60 2.90 4.60 22.00 14.00 4.60 14.00 32.00 7.75 5.75 3.50 1.12 1.80 1.70 1.20 2.85 3.50 1.62 2.85 1.58 1.92
SUI2 13:00 1734 3 THUN 1.98 3.20 3.05 SCHAFFHAUSEN 1.22 1.20 1.56 2.45 2.05 3.45 2.25 2.35 3.20 3.05 4.90 23.00 13.00 4.90 14.00 28.00 7.00 5.00 4.00 1.08 1.95 1.55 1.30 2.40 4.00 1.72 2.40 1.45 2.15
ARG2 13:10 1735 3 DEPOR RIESTRA 1.88 2.65 4.10 ALMIRANTE BROWN 1.10 1.29 1.61 2.40 1.95 3.90 2.20 2.25 3.60 2.90 4.60 22.00 14.00 4.75 14.00 32.00 7.75 5.75 3.00 1.18 1.60 1.90 1.15 3.20 3.00 1.65 3.20 1.68 1.82
AUT 13:30 1736 3 AUSTRIA VIENNA 1.98 3.45 3.00 HARTBERG 1.26 1.19 1.60 2.50 2.12 3.50 2.30 2.45 3.30 3.15 5.25 23.00 14.00 5.25 14.00 28.00 7.50 5.25 4.00 1.10 2.00 1.52 1.35 2.45 4.00 1.85 2.45 1.45 2.15
ITA 13:45 1458 1 NAPOLI 1.32 4.90 6.75 UDINESE 1.04 1.10 2.84 1.75 2.50 6.50 1.60 2.95 6.25 1.85 4.10 20.00 17.00 7.75 19.00 50.00 16.00 11.50 4.00 1.10 2.00 1.52 1.35 2.45 4.00 1.90 2.45 1.80 1.70
ICL 13:45 1455 3 CHESTERFIELD 1.20 5.00 8.75 KING'S LYNN TOWN - 1.06 3.18 1.50 2.55 8.00 1.38 3.10 7.75 1.60 3.90 19.00 19.00 8.50 21.00 50.00 22.00 16.00 4.75 1.03 2.15 1.45 1.45 2.05 4.75 2.00 2.05 1.82 1.68
ICL 13:45 1456 2 MAIDENHEAD UTD 3.00 3.25 1.98 NOTTS COUNTY 1.56 1.19 1.23 3.45 2.00 2.55 3.20 2.30 2.30 4.90 7.00 28.00 14.00 4.90 14.00 25.00 5.00 3.20 3.20 1.15 1.75 1.75 1.18 3.00 3.20 1.80 3.00 1.60 1.90
SC1P 13:45 1459 3 DUMBARTON 1.78 3.30 3.50 STRANRAER 1.16 1.18 1.70 2.25 2.05 4.00 2.05 2.35 3.75 2.75 4.60 22.00 14.00 5.25 14.00 32.00 8.25 5.75 3.20 1.15 1.72 1.78 1.18 3.00 3.20 1.80 3.00 1.65 1.85
SC1P 13:45 1460 3 EDINBURGH CITY 1.78 3.40 3.40 ELGIN 1.17 1.17 1.70 2.30 2.05 3.75 2.10 2.40 3.50 2.80 4.75 22.00 14.00 5.25 14.00 32.00 8.00 5.50 3.75 1.10 1.88 1.62 1.25 2.60 3.75 1.80 2.60 1.55 1.95
SCHP 13:45 1461 3 AIRDRIEONIANS 2.65 3.25 2.25 COVE RANGERS 1.46 1.22 1.33 2.95 2.02 3.15 2.70 2.30 2.90 3.90 5.75 25.00 14.00 4.90 14.00 28.00 6.25 4.25 3.30 1.18 1.72 1.78 1.22 3.00 3.30 1.78 3.00 1.58 1.92
ICL 13:45 1457 3 WEALDSTONE 9.75 5.60 1.15 BROMLEY 3.56 1.03 - 8.00 2.60 1.48 7.75 3.15 1.35 16.00 22.00 50.00 22.00 9.00 20.00 19.00 3.90 1.58 4.75 1.03 2.35 1.38 1.45 2.05 4.75 2.00 2.05 1.85 1.65
SCHP 13:45 1462 3 MORTON 2.02 3.40 2.95 MONTROSE 1.27 1.20 1.58 2.45 2.02 4.00 2.25 2.30 3.70 3.05 4.90 25.00 14.00 4.75 15.00 28.00 8.00 6.00 3.50 1.15 1.78 1.72 1.25 2.85 3.50 1.78 2.85 1.60 1.90
ICL 14:00 1463 3 SUTTON UTD 1.15 5.25 10.50 WOKING - 1.04 3.50 1.60 2.35 8.00 1.45 2.80 7.75 1.70 3.75 20.00 19.00 7.25 21.00 50.00 20.00 16.00 3.75 1.10 2.10 1.48 1.25 2.60 3.75 1.80 2.60 2.00 1.52
INPL 14:15 1469 1 SOUTHAMPTON 1.98 3.35 3.25 CRYSTAL PALACE 1.24 1.23 1.65 2.60 2.08 3.80 2.35 2.35 3.50 3.15 5.00 25.00 14.00 5.00 15.00 28.00 7.50 5.25 3.30 1.18 1.68 1.82 1.20 3.10 3.30 1.80 3.10 1.65 1.85
POR 14:30 1470 1 SPORTING LISBOA 1.37 4.10 6.25 BOAVISTA 1.03 1.12 2.48 1.85 2.35 5.60 1.68 2.75 5.40 2.05 4.25 19.00 15.00 6.75 16.00 40.00 13.00 9.75 4.00 1.10 1.85 1.65 1.35 2.45 4.00 1.85 2.45 1.65 1.85
ESP 15:00 1471 1 LEVANTE 8.50 6.00 1.20 BARCELONA 3.52 1.05 - 7.00 2.95 1.55 7.00 3.50 1.43 14.00 21.00 50.00 21.00 10.50 19.00 17.00 4.25 1.60 6.25 1.01 3.10 1.20 1.82 1.68 6.25 2.35 1.68 1.50 2.05
CLA 17:15 1472 1 DEPOR TACHIRA 8.75 4.60 1.25 INTERNACIONAL 3.01 1.09 - 7.00 2.20 1.81 6.50 2.60 1.63 12.50 16.00 40.00 18.00 6.00 17.00 21.00 3.90 2.00 3.50 1.15 1.88 1.62 1.25 2.85 3.50 1.78 2.85 1.92 1.58
CLA 17:15 1473 1 SANTOS 3.30 3.05 2.25 BOCA JUNIORS 1.59 1.34 1.29 3.80 1.90 2.80 3.45 2.15 2.50 5.75 7.00 28.00 15.00 4.00 15.00 25.00 5.00 3.60 3.10 1.20 1.60 2.05 1.20 3.10 3.10 1.80 3.10 1.62 1.88
CLA 17:15 1474 1 THE STRONGEST 2.15 3.30 2.75 BARCELONA GUA 1.30 1.21 1.50 2.85 2.00 3.35 2.60 2.25 3.05 3.75 5.50 25.00 14.00 4.75 14.00 28.00 6.50 4.60 3.30 1.18 1.70 1.80 1.22 3.00 3.30 1.78 3.00 1.60 1.90
CSA 17:15 1475 1 BRAGANTINO 1.65 3.40 4.00 EMELEC 1.11 1.17 1.84 2.20 1.95 4.50 2.00 2.25 4.10 2.60 4.40 22.00 14.00 5.25 15.00 38.00 9.00 6.50 2.75 1.22 1.55 1.95 1.10 3.75 2.75 1.75 3.75 1.88 1.62
CSA 17:15 1476 1 METROPOLITANOS 5.60 3.60 1.43 ATLETICO PR 2.19 1.14 1.02 6.50 2.05 1.85 6.00 2.40 1.68 11.00 14.00 40.00 17.00 5.25 16.00 22.00 3.75 2.10 3.20 1.15 1.68 1.82 1.18 3.00 3.20 1.80 3.00 1.92 1.58
CLA 19:30 1479 1 INDEP. JOSE TERAN 2.25 3.35 2.60 PALMEIRAS 1.35 1.21 1.46 2.85 2.05 3.25 2.60 2.35 3.00 3.75 5.75 25.00 14.00 5.00 14.00 28.00 6.50 4.40 3.30 1.18 1.85 1.65 1.22 3.00 3.30 1.78 3.00 1.60 1.90
CLA 19:30 1480 1 SPORTING CRISTAL 3.20 3.55 2.08 RACING CLUB 1.68 1.26 1.31 3.60 1.98 2.75 3.25 2.25 2.50 5.00 7.00 28.00 15.00 4.60 14.00 25.00 5.25 3.50 3.30 1.18 1.80 1.80 1.20 3.10 3.30 1.75 3.10 1.62 1.88
CLA 19:30 1481 1 UNION LA CALERA 8.00 4.90 1.25 FLAMENGO 3.04 1.08 - 5.50 2.30 1.90 5.25 2.65 1.72 9.50 12.50 40.00 16.00 6.25 15.00 20.00 4.25 2.15 4.00 1.10 2.15 1.45 1.35 2.45 4.00 1.85 2.45 1.65 1.85
CSA 19:30 1482 1 TALLERES 1.65 3.10 4.50 DEPORTES TOLIMA 1.08 1.21 1.84 2.20 1.90 5.00 2.00 2.15 4.60 2.65 4.10 22.00 15.00 4.40 15.00 40.00 9.50 8.00 2.85 1.20 1.55 1.95 1.12 3.50 2.85 1.78 3.50 1.85 1.65
CSA 19:30 1483 1 TORQUE 3.60 3.30 1.78 INDEPENDIENTE 1.72 1.19 1.16 3.10 1.90 3.05 2.85 2.15 2.75 4.10 6.00 25.00 15.00 4.50 15.00 25.00 5.75 4.00 2.60 1.25 1.55 1.95 1.10 3.75 2.60 1.80 3.75 1.80 1.70
JAP 04:00 1484 3 GAMBA OSAKA 2.55 3.15 2.35 HIROSHIMA 1.41 1.22 1.35 3.25 1.95 3.05 2.95 2.25 2.75 4.25 6.25 28.00 15.00 4.75 15.00 25.00 5.75 3.90 2.85 1.25 1.55 1.95 1.15 3.50 2.85 1.78 3.50 1.75 1.75
AUS 04:05 1485 2 BRISBANE ROAR 1.95 3.40 3.10 CC MARINERS 1.24 1.20 1.62 2.60 2.30 3.00 2.45 2.60 2.80 3.35 5.75 23.00 14.00 6.50 14.00 25.00 6.75 4.00 4.75 1.06 2.10 1.48 1.45 2.15 4.75 1.90 2.15 1.38 2.35
COR 05:00 1486 3 SUWON SB 2.55 2.85 2.45 JEJU UTD 1.35 1.25 1.32 3.25 1.80 3.15 2.95 2.05 2.85 4.25 5.75 25.00 15.00 4.00 15.00 25.00 5.75 4.25 2.50 1.28 1.45 2.15 1.06 4.25 2.50 1.78 4.25 1.85 1.65
JAP 05:00 1487 3 KAWASAKI 1.15 6.00 11.00 SENDAI - 1.04 3.88 1.50 2.80 7.75 1.38 3.35 7.75 1.58 4.10 18.00 20.00 9.75 22.00 50.00 23.00 16.00 5.75 1.02 2.70 1.28 1.62 1.88 5.75 2.00 1.90 1.70 1.80
JAP 05:00 1488 3 NAGOYA 2.50 3.00 2.50 KASHIMA 1.36 1.25 1.36 3.10 2.05 2.95 2.85 2.35 2.70 4.10 6.25 28.00 14.00 5.00 14.00 25.00 6.00 3.90 3.50 1.15 1.52 2.00 1.25 2.85 3.50 1.78 2.85 1.55 1.95
COR 05:30 1489 3 GANGWON FC 3.70 3.15 1.78 ULSAN 1.70 1.20 1.14 4.25 1.95 2.35 3.90 2.25 2.10 6.50 8.25 32.00 15.00 4.60 14.00 22.00 4.50 2.85 3.20 1.15 1.68 1.82 1.18 3.00 3.20 1.80 3.00 1.68 1.82
POL3 06:00 1808 3 STAL RZESZOW 2.05 3.00 3.00 GARBARNIA KRAKOW 1.22 1.22 1.50 - - - - - - - - - - - - - - - - - - - - - - - - - -
AUS 06:20 1490 2 PERTH GLORY 2.15 3.50 2.60 WESTERN UNITED FC 1.33 1.18 1.49 2.65 2.20 3.10 2.45 2.55 2.85 3.35 5.75 23.00 14.00 6.00 14.00 28.00 6.75 4.25 4.50 1.08 2.10 1.48 1.38 2.35 4.50 1.80 2.35 1.42 2.25
