www.teapuesto.com.pe TE APUESTO 12
TE APUESTO www.teapuesto.com.pe
PRIMER SEGUNDO GOL 
OPCIÓN DOBLE PRIMER TIEMPO Y RESULTADO FINAL MENOS / MÁS GOLES RANGO DE GOL
TIEMPO TIEMPO NO GOL
LOCAL VISITA
L E V
- 1.5 + 1.5 - 2.5 + 2.5 - 3.5 + 3.5
0-1 2-3 4+
LoE LoV EoV L E V L E V L/L E/L V/L L/E E/E V/E L/V E/V V/V 10(-) 20(+) 10(-) 30(+) 30(-) 40(+) A NA
VIERNES 21 DE MAYO - PROGRAMA 2170
BLR 10:15 400 3 SHAKHTYOR SOLIGORSK 2.12 2.60 3.40 DINAMO MINSK 1.17 1.31 1.47 2.70 1.75 4.25 2.40 2.00 3.90 - - - - - - - - - 2.75 1.22 1.50 2.05 1.10 3.75 2.75 1.62 3.75 1.75 1.75
FIN2 10:30 402 3 PK-35 2.40 2.85 2.65 EKENAS 1.30 1.26 1.37 3.10 1.85 3.20 2.80 2.10 2.90 4.10 5.50 25.00 14.00 4.00 14.00 25.00 5.75 4.25 2.85 1.20 1.52 2.00 1.12 3.50 2.85 1.62 3.50 1.70 1.80
POL2 10:40 403 3 BELCHATOW 4.00 3.75 1.62 RADOMIAK RADOM 1.94 1.15 1.13 4.60 2.10 2.20 4.25 2.40 2.00 6.50 9.50 38.00 15.00 6.00 15.00 23.00 4.50 2.50 2.70 1.28 1.55 1.95 1.12 3.90 2.70 1.75 3.90 1.92 1.58
IRL 11:45 404 3 ST PATRICKS 2.08 3.00 3.00 BOHEMIAN 1.23 1.23 1.50 2.70 1.85 3.75 2.45 2.10 3.40 3.40 4.90 25.00 14.00 4.25 15.00 28.00 7.00 5.25 2.60 1.25 1.50 2.05 1.08 4.00 2.60 1.78 4.00 1.82 1.68
AUT 12:00 406 2 ADMIRA WM 4.40 3.90 1.53 ALTACH 2.07 1.14 1.10 4.60 2.25 2.05 4.30 2.60 1.88 7.25 10.50 40.00 16.00 6.25 15.00 21.00 4.50 2.35 3.90 1.12 1.92 1.58 1.30 2.60 3.90 1.78 2.60 1.60 1.90
AUT 12:00 407 3 RIED 3.75 3.60 1.70 AUSTRIA VIENNA 1.84 1.17 1.15 3.30 2.20 2.55 3.05 2.50 2.35 4.60 7.25 28.00 14.00 5.75 14.00 23.00 5.50 3.20 4.00 1.10 2.10 1.48 1.38 2.35 4.00 1.90 2.35 1.42 2.25
AUT 12:00 408 3 ST POLTEN 4.30 3.80 1.58 HARTBERG 2.02 1.16 1.12 3.90 2.25 2.20 3.70 2.60 2.02 6.00 8.75 32.00 15.00 6.00 14.00 21.00 4.90 2.65 4.50 1.08 2.15 1.45 1.38 2.35 4.50 1.80 2.35 1.45 2.15
BUL 12:00 409 3 MONTANA 1921 2.90 2.90 2.15 BOTEV VRATSA 1.45 1.23 1.23 3.90 1.85 2.65 3.50 2.10 2.40 - - - - - - - - - 2.35 1.32 1.42 2.25 1.04 4.60 2.35 1.65 4.60 1.95 1.55
BUL 12:00 410 3 SLAVIA SOFIA 1.90 3.10 3.35 ETAR 1924 1.18 1.21 1.61 2.30 1.95 4.25 2.10 2.20 4.00 - - - - - - - - - 2.85 1.20 1.60 1.90 1.12 3.50 2.85 1.62 3.50 1.80 1.70
DEN2 12:00 412 3 FREDERICIA 4.60 3.75 1.55 VIBORG 2.07 1.16 1.10 4.40 2.25 2.10 4.10 2.60 1.92 7.00 9.75 38.00 15.00 6.00 15.00 21.00 4.50 2.45 4.50 1.08 2.15 1.45 1.38 2.35 4.50 1.80 2.35 1.50 2.05
DEN2 12:00 413 3 HB KOGE 3.80 3.40 1.75 ESBJERG 1.79 1.20 1.16 4.10 2.10 2.35 3.80 2.40 2.12 6.25 8.50 32.00 15.00 5.25 14.00 23.00 4.75 2.80 3.90 1.12 1.88 1.62 1.28 2.70 3.90 1.75 2.70 1.55 1.95
DEN2 12:00 414 3 HELSINGOR 4.10 3.70 1.63 SILKEBORG 1.94 1.17 1.13 4.75 2.35 1.95 4.50 2.70 1.78 8.00 11.50 40.00 16.00 6.25 15.00 20.00 4.40 2.25 4.75 1.06 2.15 1.45 1.45 2.15 4.75 1.90 2.15 1.48 2.10
EGY 12:00 415 3 SMOUHA 1.82 2.55 4.80 EL ENTAG EL HARBY 1.06 1.32 1.67 2.75 1.65 4.90 2.40 1.90 4.40 - - - - - - - - - 2.60 1.25 1.40 2.30 1.08 4.00 2.60 1.62 4.00 1.82 1.68
SU3S 12:00 417 3 IFK MALMOE FK 1.85 3.35 3.25 LUNDS 1.19 1.18 1.65 2.35 2.05 3.75 2.15 2.35 3.45 - - - - - - - - - 3.50 1.12 1.85 1.65 1.22 2.75 3.50 1.65 2.75 1.58 1.92
BLR 12:10 421 3 SLAVIA MOZYR 4.25 3.35 1.63 GOMEL 1.87 1.18 1.10 4.40 1.95 2.25 4.10 2.25 2.05 - - - - - - - - - 3.00 1.18 1.58 1.92 1.12 3.50 3.00 1.58 3.50 1.80 1.70
ISL 13:00 422 3 KA AKUREYRI 2.35 3.10 2.50 VIKINGUR REYKJAVIK 1.34 1.21 1.38 2.70 2.05 3.15 2.45 2.30 2.90 3.45 5.50 25.00 14.00 5.00 14.00 28.00 6.50 4.40 3.50 1.12 1.88 1.62 1.22 2.75 3.50 1.80 2.75 1.55 1.95
ISL 13:00 423 3 KOPAVOGUR 1.81 3.40 3.35 AKRANES 1.18 1.18 1.69 2.35 2.05 3.60 2.15 2.35 3.40 2.95 4.90 23.00 14.00 5.25 14.00 28.00 7.75 5.50 3.75 1.10 1.92 1.58 1.28 2.50 3.75 1.90 2.50 1.52 2.00
ISL2 13:00 424 3 AFTURELDING 3.25 3.50 1.80 VESTMANNAEYJAR 1.69 1.16 1.19 3.60 2.15 2.30 3.40 2.45 2.10 - - - - - - - - - 4.00 1.08 2.00 1.52 1.32 2.35 4.00 1.75 2.35 1.48 2.10
ISL2 13:00 425 3 FRAM 1.38 4.25 5.25 THOR AKUREYRI 1.04 1.09 2.35 1.85 2.25 5.25 1.68 2.65 4.90 - - - - - - - - - 4.25 1.06 2.30 1.40 1.35 2.25 4.25 1.75 2.25 1.58 1.92
PER 13:15 387 1 CUSCO FC 1.80 3.40 3.60 BINACIONAL 1.18 1.20 1.75 2.40 2.18 4.10 2.05 2.35 3.60 2.95 5.00 23.00 15.00 5.50 15.00 35.00 8.75 6.25 4.10 1.15 1.93 1.65 1.35 2.70 4.10 1.78 2.70 1.55 1.95
ARG4 13:30 426 3 CDM LEANDRO N. ALEM 3.00 3.00 2.08 BERAZATEGUI 1.50 1.23 1.23 3.75 1.80 2.70 3.45 2.10 2.45 - - - - - - - - - 2.40 1.30 1.42 2.25 1.05 4.50 2.40 1.65 4.50 1.92 1.58
ARG4 13:30 711 3 CLAYPOLE 1.82 3.15 3.50 CLUB EL PORVENIR 1.15 1.20 1.66 2.45 1.90 4.10 2.20 2.15 3.75 - - - - - - - - - 2.60 1.25 1.50 2.05 1.08 4.00 2.60 1.62 4.00 1.88 1.62
ARG4 13:30 427 3 VICTORIANO ARENAS 2.30 2.90 2.70 FERROCARRIL MIDLAND 1.28 1.24 1.40 3.00 1.80 3.45 2.70 2.05 3.10 - - - - - - - - - 2.40 1.30 1.40 2.30 1.05 4.50 2.40 1.65 4.50 1.92 1.58
SUI 13:30 429 3 LAUSANNE 3.70 3.90 1.67 YOUNG BOYS 1.90 1.15 1.17 3.50 2.25 2.40 3.25 2.55 2.20 5.25 7.75 28.00 14.00 5.50 14.00 23.00 5.25 3.00 4.75 1.06 2.60 1.30 1.48 2.10 4.75 1.95 2.10 1.38 2.35
SUI 13:30 430 2 LUZERN 2.05 3.40 2.85 LUGANO 1.28 1.19 1.55 2.80 2.30 2.80 2.60 2.60 2.60 3.90 6.25 23.00 13.00 5.75 13.00 23.00 6.25 3.90 5.75 1.02 2.25 1.42 1.62 1.88 5.75 2.00 1.90 1.28 2.70
SUI 13:30 431 2 SERVETTE 1.85 3.70 3.15 ST GALLEN 1.23 1.17 1.70 2.70 2.25 2.95 2.50 2.55 2.75 3.60 6.00 23.00 13.00 5.75 13.00 25.00 6.50 4.10 5.00 1.05 2.60 1.30 1.50 2.05 5.00 1.95 2.05 1.32 2.50
SUI 13:30 432 2 SION 2.45 3.60 2.25 BASEL 1.46 1.17 1.38 2.70 2.25 3.00 2.50 2.55 2.80 3.50 6.00 23.00 13.00 6.00 13.00 25.00 6.50 4.10 4.75 1.06 2.45 1.35 1.45 2.15 4.75 1.90 2.15 1.35 2.45
SUI 13:30 433 2 ZURICH 2.70 3.35 2.18 VADUZ 1.50 1.21 1.32 2.90 2.15 2.95 2.70 2.45 2.70 3.90 6.00 25.00 14.00 5.25 14.00 25.00 6.25 4.00 4.00 1.10 1.95 1.55 1.35 2.45 4.00 1.85 2.45 1.42 2.25
SCHP 13:35 434 1 MORTON 1.85 3.25 3.50 AIRDRIEONIANS 1.18 1.21 1.69 2.45 2.02 4.10 2.20 2.35 3.75 3.00 4.75 23.00 14.00 4.90 15.00 32.00 8.25 6.00 3.30 1.18 1.78 1.72 1.22 3.00 3.30 1.78 3.00 1.62 1.88
FRPO 13:45 435 1 TOULOUSE 1.90 3.10 3.50 GRENOBLE 1.18 1.23 1.64 2.60 1.90 4.25 2.30 2.18 3.90 3.15 4.75 25.00 15.00 4.50 15.00 28.00 8.00 6.00 2.60 1.30 1.45 2.15 1.10 4.00 2.60 1.78 4.00 1.90 1.60
ING1 13:45 436 1 BLACKPOOL 2.18 3.10 2.90 OXFORD 1.28 1.24 1.50 2.80 1.98 3.50 2.55 2.25 3.20 3.60 5.25 25.00 14.00 4.60 15.00 28.00 6.75 4.75 3.00 1.22 1.62 1.88 1.18 3.30 3.00 1.78 3.30 1.68 1.82
IRL 13:45 437 3 DUNDALK 3.25 3.05 1.95 SHAMROCK ROVERS 1.57 1.22 1.19 4.25 1.90 2.40 3.90 2.20 2.15 6.25 8.25 32.00 15.00 4.60 14.00 22.00 4.50 2.90 2.75 1.22 1.55 1.95 1.12 3.50 2.75 1.80 3.50 1.82 1.68
IRL 13:45 438 3 FINN HARPS 2.35 2.90 2.60 DROGHEDA 1.30 1.23 1.37 3.00 1.85 3.25 2.75 2.10 2.95 4.00 5.50 25.00 14.00 4.25 14.00 25.00 6.00 4.40 2.75 1.22 1.52 2.00 1.10 3.75 2.75 1.75 3.75 1.78 1.72
IRL 13:45 439 3 SLIGO ROVERS 1.45 3.45 5.60 LONGFORD 1.02 1.15 2.13 1.95 2.00 6.25 1.75 2.30 5.75 2.20 3.90 22.00 16.00 5.00 17.00 40.00 13.00 10.50 2.75 1.22 1.52 2.00 1.10 3.75 2.75 1.75 3.75 2.05 1.50
IRL2 13:45 440 3 ATHLONE 1.72 3.45 3.60 COBH RAMBLERS 1.15 1.16 1.76 2.15 2.10 4.10 1.95 2.40 3.90 2.55 4.50 20.00 14.00 5.50 14.00 35.00 8.75 6.25 3.75 1.10 1.88 1.62 1.25 2.60 3.75 1.68 2.60 1.60 1.90
IRL2 13:45 441 3 CABINTEELY 2.25 3.15 2.55 TREATY UNITED 1.31 1.20 1.41 2.70 2.00 3.25 2.45 2.30 3.00 3.35 5.25 25.00 14.00 5.00 14.00 28.00 6.50 4.25 3.20 1.15 1.65 1.85 1.15 3.20 3.20 1.60 3.20 1.65 1.85
IRL2 13:45 442 3 CORK CITY 2.40 3.30 2.30 GALWAY UNITED FC 1.39 1.17 1.36 2.85 2.05 2.95 2.60 2.35 2.70 3.60 5.75 25.00 14.00 5.25 14.00 28.00 6.00 3.75 3.50 1.12 1.82 1.68 1.20 2.85 3.50 1.62 2.85 1.58 1.92
IRL2 13:45 443 3 SHELBOURNE 1.78 3.35 3.40 UCD 1.16 1.17 1.69 2.30 2.05 3.90 2.10 2.35 3.60 2.75 4.60 22.00 13.00 5.25 14.00 32.00 8.00 5.75 3.75 1.10 1.88 1.62 1.25 2.60 3.75 1.68 2.60 1.55 1.95
IRL2 13:45 444 3 WEXFORD 7.00 4.60 1.27 BRAY WANDERERS 2.78 1.07 - 6.25 2.40 1.65 6.00 2.80 1.52 11.50 16.00 50.00 19.00 7.25 17.00 20.00 3.90 1.75 4.25 1.06 2.10 1.48 1.35 2.25 4.25 1.75 2.25 1.72 1.78
EGY 14:00 446 3 ENPPI 2.45 2.35 3.20 WADI DEGLA 1.20 1.39 1.35 3.10 1.65 4.00 2.75 1.85 3.60 - - - - - - - - - 2.60 1.25 1.45 2.15 1.10 3.75 2.60 1.68 3.75 1.70 1.80
ESP 14:00 211 1 LEVANTE 1.68 3.80 3.90 CADIZ 1.16 1.17 1.92 2.15 2.35 4.20 1.98 2.70 3.90 2.50 4.75 20.00 14.00 6.25 15.00 35.00 9.50 6.50 4.50 1.08 2.15 1.45 1.42 2.25 4.50 1.95 2.25 1.45 2.15
ISL 14:15 449 3 BREIDABLIK 1.52 3.60 4.60 STJARNAN 1.07 1.14 2.02 1.95 2.25 4.50 1.78 2.60 4.25 2.20 4.40 19.00 15.00 6.25 16.00 40.00 10.50 7.50 4.50 1.05 2.15 1.45 1.38 2.20 4.50 1.90 2.20 1.50 2.05
ISL2 14:15 450 3 GRINDAVIK 3.00 3.60 1.88 FJOLNIR 1.64 1.16 1.24 3.00 2.15 2.65 2.75 2.45 2.45 - - - - - - - - - 4.00 1.08 2.10 1.48 1.32 2.35 4.00 1.75 2.35 1.45 2.15
ISL2 14:15 455 3 THROTTUR 3.00 3.70 1.85 SELFOSS 1.66 1.14 1.23 3.25 2.35 2.25 3.10 2.65 2.10 - - - - - - - - - 5.25 1.01 2.50 1.32 1.60 1.80 5.25 2.00 1.80 1.28 2.70
ISL2 14:15 456 3 VIKINGUR OLAFSVIK 3.35 3.60 1.75 KORDRENGIR 1.74 1.15 1.18 3.60 2.25 2.20 3.40 2.55 2.00 - - - - - - - - - 4.60 1.04 2.25 1.42 1.42 2.10 4.60 1.80 2.10 1.40 2.30
POR2 14:30 1457 3 FEIRENSE 1.57 3.45 4.40 PENAFIEL 1.08 1.16 1.93 2.10 2.05 4.60 1.90 2.35 4.25 2.45 4.25 22.00 14.00 5.25 15.00 40.00 9.50 7.25 3.50 1.12 1.72 1.78 1.20 2.85 3.50 1.78 2.85 1.68 1.82
ISL 15:00 458 3 FYLKIR 2.00 3.35 2.85 KEFLAVIK 1.25 1.18 1.54 2.50 2.15 3.20 2.30 2.45 2.95 3.20 5.25 23.00 13.00 5.50 14.00 28.00 6.75 4.50 4.50 1.05 2.25 1.42 1.35 2.25 4.50 1.85 2.25 1.42 2.25
ARG2 15:10 460 3 QUILMES 1.85 2.50 4.80 CA MITRE 1.06 1.34 1.64 2.65 1.62 5.25 2.35 1.85 4.60 3.40 4.10 25.00 16.00 3.00 17.00 28.00 8.25 8.75 2.35 1.32 1.35 2.45 1.04 4.60 2.35 1.65 4.60 1.92 1.58
ISL 15:15 461 3 VALUR 1.25 4.80 7.25 LEIKNIR REYKJAVIK - 1.07 2.89 1.85 2.30 5.00 1.68 2.70 4.75 2.05 4.25 18.00 15.00 7.00 16.00 38.00 12.00 8.50 4.50 1.05 2.45 1.35 1.38 2.20 4.50 1.90 2.20 1.55 1.95
PER 15:30 393 1 ALIANZA LIMA 1.60 3.60 4.50 ALIANZA UNIVERSIDAD 1.11 1.18 2.00 2.18 2.15 5.00 1.90 2.40 4.40 2.55 4.50 23.00 15.00 5.75 16.00 40.00 10.50 8.00 3.40 1.22 1.78 1.78 1.25 3.20 3.40 1.75 3.20 1.72 1.78
VEN 16:00 1633 3 TRUJILLANOS 15.50 8.75 1.03 ZULIA 5.59 - - 11.00 3.20 1.28 11.00 4.00 1.20 28.00 40.00 75.00 25.00 11.50 22.00 18.00 4.10 1.32 5.25 1.01 3.10 1.20 1.75 1.65 5.25 2.20 1.65 1.92 1.58
PAR 18:00 463 3 GUAIRENA 2.18 3.15 2.65 GUARANI ASUNCION 1.29 1.20 1.44 2.80 1.95 3.25 2.55 2.20 3.00 3.60 5.25 25.00 13.00 4.75 13.00 28.00 6.25 4.25 2.85 1.20 1.58 1.92 1.12 3.50 2.85 1.62 3.50 1.72 1.78
ECU 19:00 464 3 9 DE OCTUBRE FC 1.95 3.15 3.10 MANTA 1.20 1.20 1.56 2.75 1.95 3.40 2.50 2.20 3.10 3.45 5.25 25.00 14.00 4.40 14.00 28.00 6.50 4.60 3.00 1.18 1.78 1.72 1.15 3.20 3.00 1.65 3.20 1.65 1.85
EUUS 20:00 466 3 COLORADO SPRINGS 2.55 3.35 2.18 NEW MEXICO UNITED 1.45 1.18 1.32 3.10 2.05 2.70 2.85 2.35 2.50 - - - - - - - - - 3.50 1.12 1.85 1.65 1.22 2.75 3.50 1.65 2.75 1.55 1.95
EUUS 20:00 467 3 REAL MONARCHS 2.35 3.40 2.35 AUSTIN BOLD FC 1.39 1.18 1.39 2.85 2.10 2.85 2.65 2.40 2.65 - - - - - - - - - 3.20 1.15 1.80 1.70 1.20 2.85 3.20 1.70 2.85 1.60 1.90
AUS 23:05 469 3 WELLINGTON PHOENIX 1.88 3.40 3.35 WESTERN UNITED FC 1.21 1.20 1.69 2.40 2.18 3.60 2.20 2.50 3.40 3.00 5.00 22.00 14.00 5.50 14.00 28.00 7.75 5.25 4.00 1.10 2.00 1.52 1.35 2.45 4.00 1.85 2.45 1.45 2.15
SÁBADO 22 DE MAYO - PROGRAMA 2171
COR 00:00 474 3 JEJU UTD 1.82 2.90 3.90 SEONGNAM 1.12 1.24 1.66 2.45 1.80 4.60 2.20 2.05 4.25 3.00 4.40 22.00 15.00 4.00 16.00 32.00 8.50 7.00 2.40 1.30 1.38 2.35 1.05 4.50 2.40 1.78 4.50 1.95 1.55
JAP 00:00 475 2 SAGAN TOSU 3.10 3.20 2.05 KASHIMA 1.57 1.23 1.25 3.70 2.00 2.60 3.40 2.30 2.40 5.25 7.25 28.00 15.00 4.90 14.00 25.00 5.00 3.25 3.00 1.22 1.60 1.90 1.18 3.30 3.00 1.78 3.30 1.70 1.80
JAP 00:00 476 3 SAPPORO 1.65 3.60 4.00 SHIMIZU 1.13 1.17 1.89 2.18 2.20 4.25 1.98 2.55 4.00 2.50 4.60 21.00 14.00 6.00 15.00 38.00 9.25 6.50 3.90 1.12 1.90 1.60 1.28 2.70 3.90 1.75 2.70 1.60 1.90
JAP 00:00 477 2 SENDAI 2.25 3.00 2.85 OITA TRINITA 1.29 1.26 1.46 2.85 1.95 3.50 2.55 2.20 3.25 3.60 5.25 25.00 14.00 4.60 15.00 28.00 6.75 4.90 2.85 1.25 1.50 2.05 1.15 3.50 2.85 1.78 3.50 1.72 1.78
COR 00:40 480 3 ULSAN 1.92 3.10 3.25 POHANG STEELERS 1.19 1.21 1.59 2.45 2.00 3.75 2.25 2.25 3.45 3.05 4.75 25.00 14.00 4.75 14.00 28.00 7.50 5.50 3.20 1.15 1.65 1.85 1.18 3.00 3.20 1.80 3.00 1.62 1.88
JAP 01:00 484 3 KAWASAKI 1.09 7.00 14.00 YOKOHAMA - 1.01 4.67 1.40 2.95 10.00 1.28 3.70 10.00 1.45 4.10 19.00 22.00 10.00 25.00 80.00 32.00 23.00 6.25 1.01 2.85 1.25 1.72 1.78 6.25 2.10 1.78 1.82 1.68
JAP 02:00 492 2 URAWA 2.40 3.15 2.50 VISSEL KOBE 1.36 1.22 1.39 2.90 2.10 3.05 2.70 2.40 2.80 3.75 6.00 25.00 14.00 5.50 14.00 28.00 6.25 3.90 3.50 1.15 1.62 1.88 1.22 3.00 3.50 1.72 3.00 1.58 1.92
JAP 03:00 501 2 AVISPA FUKUOKA 2.18 2.95 3.00 SHONAN 1.25 1.26 1.49 3.00 1.88 3.60 2.70 2.12 3.25 3.90 5.50 25.00 14.00 4.25 15.00 28.00 6.50 4.90 2.60 1.30 1.45 2.15 1.10 4.00 2.60 1.78 4.00 1.82 1.68
JAP 03:00 502 3 YOKOHAMA MARINOS 1.50 4.00 4.60 KASHIWA 1.09 1.13 2.14 1.98 2.35 4.60 1.81 2.70 4.30 2.25 4.50 19.00 15.00 6.75 16.00 38.00 11.00 7.50 4.50 1.08 2.30 1.40 1.42 2.25 4.50 1.85 2.25 1.50 2.05
JAP 04:00 509 2 TOKUSHIMA 3.35 2.95 2.02 NAGOYA 1.57 1.26 1.20 4.00 1.82 2.85 3.60 2.08 2.55 5.50 7.25 28.00 15.00 4.10 15.00 25.00 5.00 3.60 2.30 1.40 1.30 2.60 1.05 5.00 2.30 1.78 5.00 2.05 1.50
JAP2 04:00 510 3 FC RYUKYU 2.05 3.20 2.90 YAMAGATA 1.25 1.20 1.52 2.55 1.90 3.75 2.30 2.20 3.45 3.15 4.75 25.00 14.00 4.50 14.00 28.00 7.25 5.25 2.85 1.20 1.62 1.88 1.12 3.50 2.85 1.62 3.50 1.72 1.78
AUS 04:10 511 3 MELBOURNE CITY 1.40 4.30 5.25 CC MARINERS 1.06 1.11 2.36 1.78 2.45 5.50 1.63 2.85 5.25 2.00 4.25 18.00 15.00 7.50 17.00 40.00 14.00 9.75 5.00 1.05 2.35 1.38 1.48 2.10 5.00 1.90 2.10 1.55 1.95
JAP 05:00 519 2 FC TOKYO 2.08 3.20 3.00 GAMBA OSAKA 1.26 1.23 1.55 2.60 2.02 3.70 2.35 2.30 3.40 3.20 5.00 25.00 14.00 5.00 14.00 28.00 7.50 5.25 3.10 1.20 1.65 1.85 1.18 3.30 3.10 1.75 3.30 1.68 1.82
POL2 05:40 520 3 GKS TYCHY 2.90 2.95 2.25 NIECIECZA 1.46 1.27 1.28 3.70 1.92 2.75 3.35 2.20 2.50 5.25 7.00 28.00 15.00 4.40 15.00 25.00 5.25 3.50 3.00 1.22 1.55 1.95 1.15 3.50 3.00 1.72 3.50 1.70 1.80
POL2 05:40 521 3 ZAGLEBIE SOSNOWIEC 1.70 3.70 3.70 GKS JASTRZEBIE 1.16 1.16 1.85 2.30 2.08 4.30 2.08 2.40 4.00 2.70 4.60 23.00 14.00 5.75 15.00 35.00 9.00 6.00 2.70 1.28 1.52 2.00 1.12 3.90 2.70 1.75 3.90 1.92 1.58
DEN2 06:00 522 3 SKIVE 1.82 3.40 3.25 HVIDOVRE 1.19 1.17 1.66 2.40 2.10 3.50 2.20 2.40 3.30 3.00 5.00 23.00 14.00 5.25 14.00 28.00 7.50 5.25 3.75 1.10 1.92 1.58 1.28 2.50 3.75 1.90 2.50 1.50 2.05
SU3S 06:00 523 3 TVAAKERS IF 1.35 4.25 5.75 ASSYRISKA TURAB. IK JKP 1.02 1.09 2.44 1.75 2.35 5.50 1.60 2.75 5.25 - - - - - - - - - 4.75 1.03 2.35 1.38 1.42 2.10 4.75 1.78 2.10 1.55 1.95
SU3S 06:00 524 3 UTSIKTENS 1.57 3.80 4.00 SKOVDE 1.11 1.13 1.95 2.00 2.30 4.10 1.85 2.65 3.90 - - - - - - - - - 5.00 1.02 2.45 1.35 1.48 2.00 5.00 1.80 2.00 1.40 2.30
SUE2 06:00 525 3 NORRBY 1.88 3.05 3.40 AFC UTD 1.16 1.21 1.61 2.45 1.90 4.10 2.20 2.20 3.75 3.00 4.60 25.00 14.00 4.40 15.00 28.00 8.00 6.25 3.00 1.18 1.62 1.88 1.15 3.20 3.00 1.80 3.20 1.70 1.80
AL3 06:30 526 3 FC BAYERN MÜNCHEN II 1.75 3.70 3.25 HALLESCHER 1.19 1.14 1.73 2.20 2.20 3.75 2.00 2.55 3.50 2.60 4.75 20.00 14.00 6.25 14.00 32.00 8.50 5.50 4.25 1.06 2.25 1.42 1.35 2.25 4.25 1.90 2.25 1.48 2.10
AL3 06:30 527 3 HANSA ROSTOCK 1.30 4.30 6.25 LUBECK - 1.08 2.55 1.78 2.25 5.75 1.60 2.65 5.50 1.95 4.00 19.00 15.00 6.75 17.00 40.00 14.00 10.00 4.00 1.08 2.00 1.52 1.28 2.50 4.00 1.80 2.50 1.78 1.72
AL3 06:30 528 3 INGOLSTADT 2.35 3.20 2.45 1860 MUNICH 1.35 1.20 1.39 2.85 2.00 2.95 2.65 2.30 2.75 3.75 5.75 25.00 14.00 4.90 14.00 28.00 6.00 4.00 3.50 1.12 1.85 1.65 1.25 2.60 3.50 1.90 2.60 1.52 2.00
AL3 06:30 529 3 KAISERSLAUTERN 2.20 3.35 2.50 VERL 1.33 1.17 1.43 2.65 2.15 2.95 2.45 2.45 2.70 3.50 5.75 23.00 13.00 5.50 13.00 25.00 6.25 4.10 4.75 1.03 2.35 1.38 1.45 2.05 4.75 2.00 2.05 1.35 2.45
AL3 06:30 530 3 MAGDEBURG 1.52 3.70 4.50 UNTERHACHING 1.08 1.14 2.03 2.05 2.10 4.60 1.85 2.45 4.25 2.40 4.25 21.00 14.00 5.50 15.00 40.00 10.00 7.50 3.75 1.10 1.95 1.55 1.25 2.60 3.75 1.80 2.60 1.62 1.88
AL3 06:30 531 3 SV MEPPEN 1.90 3.50 2.95 DUISBURGO 1.23 1.16 1.60 2.55 2.10 3.15 2.35 2.40 2.95 3.25 5.50 23.00 14.00 5.50 14.00 28.00 6.75 4.40 4.00 1.08 2.00 1.52 1.30 2.40 4.00 1.90 2.40 1.45 2.15
AL3 06:30 532 3 SV TURKGUCU ATASPOR MUNCHEN 2.90 3.25 2.02 VIKTORIA COLOGNE 1.53 1.19 1.25 3.40 2.05 2.50 3.15 2.35 2.30 4.90 7.00 28.00 14.00 5.00 14.00 25.00 5.00 3.15 4.00 1.08 1.95 1.55 1.28 2.50 4.00 1.80 2.50 1.48 2.10
AL3 06:30 533 3 WALDHOF MANNHEIM 2.50 3.05 2.40 UERDINGEN 1.37 1.22 1.34 2.65 2.00 3.30 2.45 2.25 3.05 3.45 5.25 25.00 14.00 4.75 14.00 28.00 6.50 4.75 3.75 1.10 1.88 1.62 1.25 2.60 3.75 1.80 2.60 1.52 2.00
AL3 06:30 1038 3 WEHEN 2.85 3.20 2.08 DINAMO DRESDEN 1.51 1.20 1.26 3.60 2.15 2.35 3.35 2.45 2.15 5.25 7.75 28.00 14.00 5.25 14.00 22.00 4.90 2.90 4.50 1.05 1.92 1.58 1.38 2.20 4.50 1.90 2.20 1.42 2.25
AL3 06:30 535 3 ZWICKAU 2.60 3.15 2.25 SAARBRUCKEN 1.42 1.21 1.31 3.10 2.05 2.75 2.85 2.30 2.50 4.25 6.25 28.00 14.00 4.75 13.00 25.00 5.50 3.60 4.00 1.08 1.95 1.55 1.30 2.40 4.00 1.90 2.40 1.45 2.15
BLR 06:30 536 3 FC SMORGON 7.00 4.25 1.30 TORPEDO ZHODINO 2.64 1.10 - 6.25 2.20 1.75 6.00 2.60 1.60 - - - - - - - - - 3.75 1.10 1.80 1.70 1.25 2.60 3.75 1.68 2.60 1.85 1.65
INCH 06:30 1658 1 BRENTFORD 1.98 3.40 3.55 BOURNEMOUTH 1.25 1.27 1.74 2.65 2.00 3.90 2.40 2.30 3.60 3.25 5.00 25.00 14.00 4.75 15.00 28.00 7.50 5.50 3.00 1.22 1.80 1.80 1.15 3.50 3.00 1.78 3.50 1.72 1.78
DEN2 07:00 537 3 FREMAD AMAGER 2.50 3.30 2.25 KOLDING 1.42 1.18 1.34 3.00 2.00 2.85 2.75 2.30 2.60 4.00 6.00 28.00 14.00 4.90 14.00 25.00 5.75 3.75 3.50 1.12 1.85 1.65 1.22 2.75 3.50 1.80 2.75 1.55 1.95
DK3A 07:00 538 3 JAMMERBUGT 1.15 5.60 9.75 SYDVEST 05 - 1.03 3.56 1.48 2.60 8.00 1.35 3.15 7.75 - - - - - - - - - 5.00 1.02 2.35 1.38 1.45 2.05 5.00 1.78 2.05 1.82 1.68
DK3A 07:00 539 3 MIDDELFART 1.20 5.25 7.50 SFB OURE FA - 1.03 3.09 1.55 2.60 6.50 1.42 3.10 6.25 - - - - - - - - - 5.25 1.01 2.60 1.30 1.55 1.85 5.25 1.95 1.85 1.58 1.92
DK3B 07:00 540 3 HILLEROD 3.00 3.10 2.02 HIK HELLERUP 1.52 1.21 1.22 3.50 1.95 2.60 3.25 2.25 2.35 - - - - - - - - - 3.50 1.12 1.78 1.72 1.20 2.85 3.50 1.62 2.85 1.58 1.92
FIN 07:00 541 3 INTER TURKU 1.15 5.40 10.50 KOTKA - 1.04 3.57 1.58 2.40 8.00 1.42 2.85 7.75 1.68 3.75 20.00 19.00 7.50 21.00 50.00 20.00 16.00 4.00 1.08 2.00 1.52 1.30 2.40 4.00 1.90 2.40 1.95 1.55
AUT2 07:30 560 3 AUSTRIA WIEN (AM) 1.55 3.75 4.20 VORWARTS STEYR 1.10 1.13 1.98 1.95 2.25 4.40 1.80 2.65 4.10 2.25 4.40 19.00 14.00 6.25 15.00 38.00 10.00 7.25 4.75 1.03 2.25 1.42 1.42 2.10 4.75 1.95 2.10 1.45 2.15
CZE2 08:00 563 3 FK SLAVOJ VYSEHRAD 5.60 4.00 1.38 JIHLAVA 2.33 1.11 1.03 5.25 2.30 1.78 5.00 2.70 1.62 9.00 13.00 38.00 16.00 7.25 15.00 18.00 4.10 2.00 4.00 1.08 1.95 1.55 1.28 2.50 4.00 1.80 2.50 1.72 1.78
CZE2 08:00 564 3 HRADEC KRALOVE 2.05 3.15 2.95 SK LISEN 1.24 1.21 1.52 2.55 2.00 3.45 2.35 2.30 3.15 3.25 5.00 25.00 14.00 4.75 14.00 28.00 7.00 4.90 3.50 1.12 1.82 1.68 1.22 2.75 3.50 1.80 2.75 1.55 1.95
CZE2 08:00 565 3 MAS TABORSKO 1.85 3.20 3.40 VLASIM 1.17 1.20 1.65 2.40 1.95 3.90 2.15 2.25 3.60 2.95 4.75 22.00 14.00 4.75 14.00 32.00 7.75 5.75 3.20 1.15 1.70 1.80 1.18 3.00 3.20 1.80 3.00 1.65 1.85
CZE2 08:00 566 3 MFK CHRUDIM 3.15 3.15 1.95 VIKTORIA ZIZKOV 1.58 1.20 1.20 3.75 1.95 2.50 3.40 2.25 2.30 5.25 7.25 28.00 14.00 4.75 14.00 25.00 4.90 3.15 3.20 1.15 1.68 1.82 1.18 3.00 3.20 1.80 3.00 1.65 1.85
CZE2 08:00 567 3 PROSTEJOV 1.92 3.15 3.20 VARNSDORF 1.19 1.20 1.59 2.45 2.00 3.60 2.25 2.30 3.40 3.05 4.90 25.00 14.00 4.75 14.00 28.00 7.50 5.50 3.75 1.10 1.85 1.65 1.25 2.60 3.75 1.80 2.60 1.52 2.00
CZE2 08:00 568 3 TRINEC 1.78 3.30 3.50 FK BLANSKO 1.16 1.18 1.70 2.25 2.05 4.00 2.05 2.35 3.75 2.75 4.60 22.00 14.00 5.25 14.00 32.00 8.25 5.75 3.20 1.15 1.75 1.75 1.18 3.00 3.20 1.80 3.00 1.65 1.85
CZE2 08:00 569 3 USTI NAD LABEM 2.40 3.10 2.40 DUKLA PRAGUE 1.35 1.20 1.35 3.00 1.95 3.00 2.75 2.25 2.75 4.00 5.75 25.00 14.00 4.75 14.00 25.00 5.75 4.00 3.20 1.15 1.70 1.80 1.18 3.00 3.20 1.80 3.00 1.60 1.90
DK3A 08:00 570 3 B 93 KOPENHAGEN 1.43 4.00 5.00 DALUM 1.05 1.11 2.22 1.85 2.25 5.00 1.70 2.60 4.75 - - - - - - - - - 4.25 1.06 2.05 1.50 1.32 2.35 4.25 1.70 2.35 1.60 1.90
LPS 08:00 571 3 TERNANA 2.00 3.00 3.20 PERUGIA 1.20 1.23 1.55 2.55 1.95 3.75 2.30 2.20 3.40 - - - - - - - - - 3.50 1.12 1.75 1.75 1.20 2.85 3.50 1.62 2.85 1.58 1.92
POL3 08:00 574 3 ZNICZ PRUSZKOW 2.55 3.25 2.25 GARBARNIA KRAKOW 1.43 1.20 1.33 - - - - - - - - - - - - - - - - - - - - - - - - - -
SCC 08:00 1307 1 ST JOHNSTONE 2.90 2.80 2.35 HIBERNIAN 1.42 1.30 1.28 3.40 1.85 2.90 3.10 2.10 2.60 4.60 6.50 28.00 14.00 4.25 14.00 25.00 5.25 3.75 2.85 1.25 1.40 2.30 1.08 4.50 2.60 1.78 4.00 1.82 1.68
SUE 08:00 575 3 AIK ESTOCOLMO 1.75 3.10 4.25 MJALLBY 1.12 1.24 1.79 2.35 1.92 4.80 2.12 2.20 4.40 2.85 4.40 23.00 15.00 4.40 16.00 32.00 9.25 7.50 2.85 1.25 1.55 1.95 1.15 3.50 2.85 1.78 3.50 1.85 1.65
SUE2 08:00 576 3 JONKOPINGS 1.78 3.15 3.70 LANDSKRONA 1.14 1.20 1.70 2.35 1.90 4.40 2.10 2.20 4.00 2.85 4.40 22.00 14.00 4.50 15.00 32.00 8.50 6.75 2.85 1.20 1.60 1.90 1.12 3.50 2.85 1.78 3.50 1.80 1.70
SUE2 08:00 577 3 ORGRYTE 2.90 2.95 2.15 SUNDSVALL 1.46 1.23 1.24 3.40 1.90 2.85 3.10 2.15 2.55 4.75 6.50 28.00 14.00 4.25 14.00 25.00 5.25 3.75 3.00 1.18 1.60 1.90 1.15 3.20 3.00 1.80 3.20 1.62 1.88
ALE 08:30 244 1 BAYERN 1.09 8.00 14.00 AUGSBURG - 1.01 5.09 1.38 3.35 9.75 1.27 4.10 9.75 1.40 4.40 19.00 22.00 12.00 25.00 80.00 35.00 23.00 6.25 1.01 3.90 1.12 2.10 1.48 6.25 2.90 1.48 1.58 1.92
ALE 08:30 247 1 COLONIA 1.33 5.00 6.25 SCHALKE 04 1.05 1.10 2.78 1.72 2.70 5.75 1.58 3.15 5.50 1.85 4.40 16.00 16.00 8.75 18.00 40.00 15.00 10.50 5.75 1.02 2.70 1.28 1.65 1.85 5.75 2.15 1.85 1.45 2.15
ALE 08:30 246 1 DORTMUND 1.52 4.30 4.50 LEVERKUSEN 1.12 1.14 2.20 1.95 2.55 4.40 1.80 3.00 4.20 2.20 4.75 17.00 15.00 7.50 16.00 35.00 11.00 7.25 6.25 1.01 2.85 1.25 1.72 1.78 6.25 2.20 1.78 1.32 2.50
ALE 08:30 241 1 EINTRACHT FRANKFURT 2.00 3.80 2.85 FRIBURGO 1.31 1.18 1.63 2.45 2.45 3.15 2.30 2.80 2.95 3.05 5.75 19.00 14.00 6.75 14.00 25.00 7.50 4.40 6.25 1.01 2.85 1.25 1.68 1.82 6.25 2.15 1.80 1.25 2.85
ALE 08:30 248 1 HOFFENHEIM 1.88 3.75 3.25 HERTHA 1.25 1.19 1.74 2.35 2.40 3.50 2.15 2.70 3.35 2.85 5.25 19.00 14.00 6.50 14.00 28.00 8.00 5.25 5.50 1.03 2.45 1.35 1.55 1.95 5.50 2.05 1.95 1.32 2.50
ALE 08:30 243 1 STUTTGART 2.35 3.50 2.50 ARMINIA BIELEFELD 1.41 1.21 1.46 2.85 2.25 3.05 2.60 2.55 2.80 3.75 6.00 25.00 14.00 5.50 14.00 25.00 6.50 4.10 4.75 1.06 2.25 1.42 1.42 2.25 4.75 1.90 2.25 1.38 2.35
ALE 08:30 245 1 UNION BERLIN 2.70 3.50 2.18 RB LEIPZIG 1.52 1.21 1.34 3.10 2.30 2.70 2.90 2.60 2.50 4.25 6.75 28.00 14.00 5.75 14.00 25.00 5.75 3.40 4.75 1.06 2.25 1.42 1.45 2.15 4.75 2.00 2.15 1.35 2.45
ALE 08:30 249 1 WERDER BREMEN 2.45 3.60 2.35 MONCHENGLADBACH 1.46 1.20 1.42 2.95 2.30 2.80 2.75 2.65 2.60 3.90 6.50 25.00 14.00 6.00 14.00 25.00 6.00 3.60 4.75 1.06 2.30 1.40 1.45 2.15 4.75 2.00 2.15 1.35 2.45
ALE 08:30 242 1 WOLFSBURGO 1.57 4.10 4.40 MAINZ 1.14 1.16 2.12 2.08 2.35 4.50 1.90 2.75 4.25 2.35 4.60 19.00 15.00 6.50 16.00 38.00 10.50 7.25 4.75 1.06 2.35 1.38 1.45 2.15 4.75 2.00 2.15 1.45 2.15
BLR 08:30 578 3 MINSK 3.15 3.05 1.98 DINAMO BREST 1.55 1.22 1.20 3.30 1.95 2.75 3.05 2.20 2.50 - - - - - - - - - 3.20 1.15 1.72 1.78 1.18 3.00 3.20 1.65 3.00 1.58 1.92
FIN 09:00 582 3 LAHTI 2.50 3.00 2.40 HONKA 1.36 1.22 1.33 3.40 1.85 2.85 3.10 2.15 2.60 4.60 6.25 28.00 14.00 4.25 14.00 25.00 5.25 3.75 2.85 1.20 1.60 1.90 1.12 3.50 2.85 1.78 3.50 1.70 1.80
FIN 09:00 583 3 SEINAJOEN JK 5.00 3.45 1.52 HELSINKI 2.04 1.17 1.06 5.25 2.05 2.05 4.75 2.35 1.85 8.50 10.50 40.00 16.00 5.00 15.00 22.00 4.10 2.35 3.20 1.15 1.68 1.82 1.20 2.85 3.20 1.85 2.85 1.78 1.72
FIN2 09:00 584 3 JIPPO JOENSUU 2.50 2.95 2.40 KLUBI 04 HELSINKI 1.35 1.22 1.32 3.15 1.90 3.05 2.85 2.15 2.75 4.10 5.75 25.00 14.00 4.25 14.00 25.00 5.75 4.00 2.85 1.20 1.62 1.88 1.12 3.50 2.85 1.62 3.50 1.68 1.82
FIN2 09:00 585 3 KOKKOLA 1.67 3.40 3.90 GNISTAN 1.12 1.17 1.82 2.15 2.10 4.25 1.95 2.40 3.90 2.55 4.40 21.00 14.00 5.25 14.00 35.00 8.75 6.50 3.75 1.10 1.92 1.58 1.25 2.60 3.75 1.68 2.60 1.58 1.92
FIN2 09:00 586 3 MUSA PORI 3.25 3.05 1.95 ROVANIEMI 1.57 1.22 1.19 3.75 1.85 2.75 3.35 2.10 2.45 5.25 6.75 28.00 14.00 4.10 14.00 25.00 4.90 3.45 2.75 1.22 1.50 2.05 1.10 3.75 2.75 1.62 3.75 1.78 1.72
ICL 09:00 587 3 ALDERSHOT 3.20 3.15 1.92 BROMLEY 1.59 1.20 1.19 3.45 1.95 2.65 3.15 2.20 2.45 4.90 6.75 28.00 14.00 4.50 14.00 25.00 5.25 3.40 3.20 1.15 1.78 1.72 1.18 3.00 3.20 1.80 3.00 1.60 1.90
ICL 09:00 588 3 ALTRINCHAM 3.05 3.10 2.00 YEOVIL 1.54 1.21 1.22 3.50 1.95 2.60 3.20 2.25 2.35 4.90 7.00 28.00 14.00 4.75 14.00 25.00 5.00 3.25 3.20 1.15 1.70 1.80 1.18 3.00 3.20 1.80 3.00 1.62 1.88
ICL 09:00 589 3 CHESTERFIELD 1.98 3.15 3.10 DAGENHAM & RED 1.22 1.21 1.56 2.80 1.90 3.40 2.55 2.15 3.10 3.50 5.25 25.00 14.00 4.75 14.00 28.00 6.50 4.50 2.50 1.28 1.52 2.00 1.08 4.00 2.50 1.80 4.00 1.88 1.62
ICL 09:00 590 3 EASTLEIGH 2.00 3.20 2.95 BOREHAM 1.23 1.19 1.53 2.60 1.85 3.90 2.35 2.10 3.60 3.25 4.75 25.00 14.00 4.40 15.00 28.00 7.25 5.50 2.50 1.28 1.60 1.90 1.06 4.25 2.50 1.78 4.25 1.92 1.58
ICL 09:00 591 3 MAIDENHEAD UTD 3.25 3.25 1.85 HALIFAX 1.63 1.18 1.18 3.75 1.95 2.55 3.40 2.20 2.30 5.25 7.25 28.00 14.00 4.60 14.00 25.00 4.90 3.15 2.85 1.20 1.68 1.82 1.12 3.50 2.85 1.78 3.50 1.72 1.78
ICL 09:00 592 3 NOTTS COUNTY 1.20 4.60 9.25 WEYMOUTH - 1.06 3.07 1.62 2.25 8.25 1.48 2.70 7.75 1.75 3.60 20.00 19.00 6.75 22.00 50.00 20.00 16.00 3.50 1.12 1.85 1.65 1.20 2.85 3.50 1.78 2.85 2.15 1.45
ICL 09:00 593 3 STOCKPORT 1.12 6.50 9.75 WOKING - - 3.90 1.50 2.55 8.00 1.38 3.05 7.75 1.60 3.90 19.00 19.00 8.50 21.00 50.00 22.00 17.00 4.75 1.03 2.15 1.45 1.42 2.10 4.75 1.95 2.10 1.85 1.65
ICL 09:00 594 3 TORQUAY 1.15 5.40 10.50 BARNET - 1.04 3.57 1.58 2.30 8.75 1.45 2.75 8.25 1.68 3.60 20.00 19.00 7.00 22.00 50.00 21.00 17.00 3.50 1.12 2.05 1.50 1.22 2.75 3.50 1.80 2.75 2.15 1.45
ICL 09:00 596 3 WREXHAM 1.15 5.40 9.75 KING'S LYNN TOWN - 1.03 3.48 1.55 2.40 8.00 1.42 2.90 7.75 1.65 3.75 20.00 19.00 7.50 21.00 50.00 20.00 16.00 4.00 1.08 2.25 1.42 1.32 2.35 4.00 1.90 2.35 1.95 1.55
SU3N 09:00 603 3 IFK HANINGE 1.78 3.40 3.35 OREBRO SYRIANSKA IF 1.17 1.16 1.69 2.25 2.10 3.90 2.05 2.40 3.60 - - - - - - - - - 4.00 1.08 2.10 1.48 1.28 2.50 4.00 1.68 2.50 1.50 2.05
SU3N 09:00 604 3 SANDVIKENS 1.45 3.75 5.00 SOLLENTUNA 1.05 1.12 2.14 1.90 2.20 5.00 1.72 2.55 4.75 - - - - - - - - - 4.25 1.06 2.10 1.48 1.35 2.25 4.25 1.75 2.25 1.55 1.95
SU3N 09:00 605 3 TABY FK 2.40 3.25 2.40 IF KARLSTAD FOTBOLL 1.38 1.20 1.38 2.85 2.10 2.85 2.65 2.40 2.65 - - - - - - - - - 4.25 1.06 2.05 1.50 1.35 2.25 4.25 1.75 2.25 1.40 2.30
SU3S 09:00 606 3 ATVIDABERG 2.40 3.30 2.30 LINDOME GIF 1.39 1.17 1.36 2.95 2.05 2.85 2.70 2.35 2.60 - - - - - - - - - 3.75 1.10 1.90 1.60 1.25 2.60 3.75 1.68 2.60 1.52 2.00
SU3S 09:00 607 3 LJUNGSKILE 1.53 3.80 4.25 TORNS IF 1.09 1.13 2.01 1.95 2.25 4.40 1.80 2.60 4.10 - - - - - - - - - 4.50 1.05 2.15 1.45 1.38 2.20 4.50 1.75 2.20 1.50 2.05
SU3S 09:00 608 3 OSTERLEN FF 2.35 3.40 2.35 QVIDING 1.39 1.18 1.39 2.80 2.15 2.80 2.60 2.45 2.60 - - - - - - - - - 4.60 1.04 2.15 1.45 1.40 2.15 4.60 1.75 2.15 1.38 2.35
SU3S 09:00 609 3 TROLLHATTAN 1.17 5.60 8.50 FC LINKOPING CITY - 1.03 3.38 1.48 2.80 7.00 1.35 3.40 6.75 - - - - - - - - - 5.25 1.01 2.70 1.28 1.55 1.85 5.25 1.95 1.85 1.68 1.82
SU3S 09:00 610 3 VANERSBORGS IF 3.10 3.60 1.82 OSKARSHAMNS AIK 1.67 1.15 1.21 3.45 2.20 2.30 3.25 2.55 2.10 - - - - - - - - - 4.60 1.04 2.15 1.45 1.38 2.20 4.60 1.72 2.20 1.42 2.25
ING1 09:30 617 1 SUNDERLAND 1.85 3.15 3.75 LINCOLN 1.17 1.24 1.71 2.50 1.98 4.10 2.25 2.25 3.75 3.05 4.75 25.00 14.00 4.75 15.00 28.00 8.00 6.00 3.00 1.22 1.58 1.92 1.15 3.50 3.00 1.72 3.50 1.75 1.75
AUT 10:00 618 2 RAPID VIENNA 2.25 3.50 2.50 LASK LINZ 1.37 1.18 1.46 2.55 2.20 3.30 2.35 2.50 3.05 3.20 5.50 23.00 14.00 5.75 14.00 28.00 7.00 4.60 4.00 1.10 2.05 1.50 1.38 2.35 4.00 1.90 2.35 1.45 2.15
AUT 10:00 619 3 SALZBURG 1.10 7.00 12.00 WSG WATTENS - 1.01 4.42 1.40 3.10 9.25 1.28 3.80 9.25 1.45 4.25 19.00 22.00 11.00 25.00 80.00 30.00 22.00 6.25 1.01 3.30 1.18 1.88 1.62 6.25 2.35 1.62 1.68 1.82
AUT 10:00 620 2 WOLFSBERGER 2.90 3.45 2.00 STURM GRAZ 1.58 1.18 1.27 3.35 2.25 2.45 3.10 2.60 2.25 4.60 7.50 28.00 14.00 6.25 14.00 22.00 5.50 3.00 4.50 1.08 1.95 1.55 1.40 2.30 4.50 1.85 2.30 1.42 2.25
CHI 10:00 621 3 COBRESAL 1.85 3.20 3.40 DEP LA SERENA 1.17 1.20 1.65 2.40 1.95 3.90 2.20 2.25 3.60 2.95 4.75 25.00 14.00 4.75 14.00 28.00 7.75 5.75 3.20 1.15 1.68 1.82 1.18 3.00 3.20 1.80 3.00 1.65 1.85
CRO 10:00 622 3 HAJDUK SPLIT 1.35 4.00 6.25 LOKOMOTIVA 1.01 1.11 2.44 1.80 2.15 6.50 1.62 2.50 6.00 2.00 3.90 20.00 16.00 6.00 17.00 40.00 14.00 11.50 3.20 1.15 1.72 1.78 1.18 3.00 3.20 1.80 3.00 1.92 1.58
CRO 10:00 623 3 OSIJEK 1.95 3.15 3.15 ISTRA 1.20 1.20 1.58 2.50 2.00 3.50 2.30 2.30 3.25 3.15 5.00 25.00 14.00 5.00 14.00 28.00 7.25 5.00 3.20 1.15 1.72 1.78 1.18 3.00 3.20 1.80 3.00 1.62 1.88
CRO 10:00 624 3 RIJEKA 1.95 3.05 3.25 GORICA 1.19 1.22 1.57 2.55 1.85 4.00 2.30 2.15 3.60 3.15 4.75 25.00 14.00 4.25 15.00 28.00 7.50 5.75 2.75 1.22 1.52 2.00 1.10 3.75 2.75 1.75 3.75 1.82 1.68
CRO 10:00 625 3 SLAVEN BELUPO 2.80 3.15 2.12 NK VARAZDIN SN 1.48 1.21 1.27 3.35 1.95 2.70 3.05 2.25 2.45 4.60 6.50 28.00 14.00 4.60 14.00 25.00 5.25 3.45 3.20 1.15 1.80 1.70 1.20 2.85 3.20 1.85 2.85 1.58 1.92
POL2 10:00 628 3 STOMIL OLSZTYN 2.35 2.95 2.75 PUSZCZA NIEPOLOMICE 1.31 1.27 1.42 3.20 1.90 3.20 2.90 2.15 2.90 4.25 6.00 25.00 15.00 4.40 15.00 25.00 6.00 4.25 2.60 1.30 1.52 2.00 1.10 4.00 2.60 1.78 4.00 1.85 1.65
TUR2 10:00 629 3 ISTANBULSPOR 2.50 3.25 2.25 ALTAY 1.41 1.18 1.33 2.75 2.05 3.00 2.55 2.35 2.80 - - - - - - - - - 3.75 1.10 1.95 1.55 1.25 2.60 3.75 1.68 2.60 1.50 2.05
URU 10:00 630 3 BOSTON RIVER 2.10 3.10 2.70 CLUB ATLETICO RENTISTAS 1.25 1.18 1.44 2.75 1.90 3.35 2.50 2.20 3.10 3.45 5.25 25.00 14.00 4.60 14.00 28.00 6.50 4.50 2.75 1.22 1.55 1.95 1.10 3.75 2.75 1.62 3.75 1.78 1.72
BLR 10:30 634 3 RUH BREST 1.85 3.30 3.25 NEMAN GRODNO 1.19 1.18 1.64 2.50 1.95 3.75 2.30 2.25 3.40 - - - - - - - - - 3.00 1.18 1.65 1.85 1.15 3.20 3.00 1.65 3.20 1.68 1.82
IT3P 10:30 637 3 FC LEGNAGO SALUS SSD 1.78 3.10 3.80 RAVENNA 1.13 1.21 1.71 - - - - - - - - - - - - - - - - - - - - - - - - - -
IT3P 10:30 638 3 PAGANESE 1.95 2.85 3.50 BISCEGLIE 1.16 1.25 1.57 2.60 1.80 4.25 2.30 2.05 3.75 - - - - - - - - - 2.60 1.25 1.48 2.10 1.08 4.00 2.60 1.62 4.00 1.85 1.65
SUE 10:30 639 2 OSTERSUNDS 2.85 3.10 2.20 SIRIUS 1.48 1.24 1.29 3.30 2.00 2.85 3.00 2.30 2.60 4.50 6.50 28.00 14.00 4.75 14.00 25.00 5.50 3.75 3.30 1.18 1.78 1.72 1.22 3.00 3.30 1.78 3.00 1.58 1.92
ESP 11:00 219 1 CELTA 2.95 3.70 2.00 BETIS 1.64 1.19 1.30 3.40 2.30 2.50 3.15 2.65 2.30 4.60 7.50 28.00 14.00 6.00 14.00 22.00 5.50 3.00 4.75 1.06 2.25 1.42 1.42 2.25 4.75 1.90 2.25 1.40 2.30
ESP 11:00 218 1 EIBAR 5.25 4.80 1.40 BARCELONA 2.51 1.11 1.08 4.90 2.70 1.80 4.80 3.15 1.67 8.25 13.00 35.00 16.00 8.75 15.00 16.00 4.60 2.00 6.25 1.01 2.85 1.25 1.70 1.80 6.25 2.15 1.80 1.38 2.35
ESP 11:00 220 1 ELCHE 1.85 3.40 3.60 ATHLETIC BILBAO 1.20 1.22 1.75 2.40 2.12 4.20 2.18 2.40 3.90 2.85 4.75 23.00 14.00 5.25 15.00 32.00 8.50 6.00 3.30 1.18 1.72 1.78 1.22 3.00 3.30 1.85 3.00 1.65 1.85
ESP 11:00 217 1 HUESCA 1.60 3.90 4.30 VALENCIA 1.13 1.17 2.05 2.12 2.25 4.60 1.95 2.60 4.30 2.40 4.50 20.00 14.00 6.00 15.00 38.00 10.00 7.00 3.90 1.12 1.92 1.58 1.30 2.60 3.90 1.85 2.60 1.60 1.90
ESP 11:00 216 1 OSASUNA 4.50 4.00 1.55 REAL SOCIEDAD 2.12 1.15 1.12 4.75 2.35 2.02 4.50 2.75 1.85 7.50 11.00 40.00 16.00 6.50 15.00 20.00 4.50 2.25 4.50 1.08 2.10 1.48 1.38 2.35 4.50 1.90 2.35 1.55 1.95
ESP 11:00 215 1 REAL MADRID 1.40 4.50 5.60 VILLARREAL 1.07 1.12 2.50 1.85 2.50 5.25 1.70 2.90 5.00 2.05 4.40 17.00 15.00 7.50 16.00 38.00 13.00 8.75 5.00 1.05 2.35 1.38 1.48 2.10 5.00 2.00 2.10 1.50 2.05
ESP 11:00 214 1 VALLADOLID 7.00 4.60 1.33 ATLETICO MADRID 2.78 1.12 1.03 6.75 2.40 1.78 6.50 2.85 1.60 12.00 16.00 50.00 18.00 7.00 17.00 20.00 4.00 1.90 3.90 1.12 1.95 1.55 1.32 2.50 3.90 1.90 2.50 1.82 1.68
FIN 11:00 649 3 ILVES 4.00 3.25 1.70 KUOPION 1.79 1.19 1.12 4.00 2.00 2.35 3.75 2.30 2.10 6.00 8.00 32.00 15.00 4.90 14.00 22.00 4.60 2.85 3.20 1.15 1.58 1.92 1.18 3.00 3.20 1.80 3.00 1.65 1.85
ISL 11:00 650 3 HAFNARFJORDUR 2.10 3.15 2.80 KR REYKJAVIK 1.26 1.20 1.48 2.25 2.10 3.75 2.05 2.45 3.60 2.75 4.75 21.00 14.00 5.25 14.00 32.00 8.25 5.75 4.25 1.06 2.00 1.52 1.35 2.25 4.25 1.90 2.25 1.45 2.15
SU3N 11:00 652 3 SYLVIA 2.25 3.35 2.45 GEFLE 1.35 1.17 1.42 2.75 2.10 2.95 2.55 2.40 2.75 - - - - - - - - - 4.00 1.08 2.10 1.48 1.28 2.50 4.00 1.68 2.50 1.48 2.10
POL3 11:15 653 3 GORNIK POLKOWICE 2.05 3.00 3.00 WIGRY SUWALKI 1.22 1.22 1.50 - - - - - - - - - - - - - - - - - - - - - - - - - -
ESTC 11:30 655 3 LEVADIA TALLINN 2.75 3.35 2.05 FLORA TALLINN 1.51 1.17 1.27 - - - - - - - - - - - - - - - - - - - - - - - - - -
POR2 12:00 661 3 ACADEMICO VISEU 1.85 3.25 3.30 SPORTING COVILHA 1.18 1.19 1.64 2.30 1.95 4.25 2.10 2.25 3.90 2.75 4.50 22.00 14.00 5.00 15.00 32.00 8.50 6.25 2.75 1.22 1.65 1.85 1.10 3.75 2.75 1.75 3.75 1.85 1.65
POR2 12:00 662 3 AROUCA 1.53 3.70 4.40 CHAVES 1.08 1.14 2.01 2.10 2.00 4.90 1.90 2.30 4.60 2.45 4.10 22.00 15.00 5.25 15.00 40.00 10.00 7.50 2.60 1.25 1.65 1.85 1.08 4.00 2.60 1.78 4.00 1.95 1.55
POR2 12:00 663 3 BENFICA II 3.90 3.50 1.63 PORTO II 1.84 1.15 1.11 - - - - - - - - - - - - - - - - - 1.95 1.55 - - - - - - -
POR2 12:00 664 3 COVA PIEDADE 2.25 2.75 2.95 CASA PIA 1.24 1.28 1.42 2.85 1.78 3.75 2.55 2.05 3.35 3.75 5.00 25.00 14.00 3.75 14.00 28.00 6.75 5.50 2.85 1.20 1.62 1.88 1.12 3.50 2.85 1.78 3.50 1.65 1.85
POR2 12:00 666 3 VARZIM 1.63 3.25 4.25 OLIVEIRENSE 1.09 1.18 1.84 2.30 1.90 4.50 2.05 2.20 4.10 2.75 4.40 22.00 14.00 4.60 15.00 32.00 8.75 6.75 2.75 1.22 1.58 1.92 1.12 3.50 2.75 1.80 3.50 1.85 1.65
ROC 12:00 1660 1 ASTRA GIURGIU 3.75 3.25 1.75 CSU CRAIOVA 1.74 1.19 1.14 4.10 1.90 2.45 3.75 2.15 2.20 6.00 8.00 28.00 15.00 4.40 14.00 25.00 4.60 3.05 2.75 1.22 1.55 1.95 1.10 3.75 2.75 1.75 3.75 1.82 1.68
SVK 12:00 668 3 DAC 1.63 3.75 3.70 SPARTAK TRNAVA 1.14 1.13 1.86 2.10 2.10 4.60 1.90 2.40 4.25 - - - - - - - - - 3.50 1.12 1.82 1.68 1.22 2.75 3.50 1.65 2.75 1.65 1.85
SVK 12:00 669 3 NITRA 5.60 3.90 1.40 ZEMPLIN 2.30 1.12 1.03 5.75 2.10 1.85 5.50 2.50 1.68 - - - - - - - - - 3.50 1.12 1.82 1.68 1.22 2.75 3.50 1.65 2.75 1.80 1.70
SVK 12:00 670 3 POHRONIE ZIAR NHDZ 2.00 2.90 3.25 RUZOMBEROK 1.18 1.24 1.53 2.55 1.95 3.60 2.30 2.20 3.35 - - - - - - - - - 3.75 1.10 1.72 1.78 1.25 2.60 3.75 1.68 2.60 1.52 2.00
SVK 12:00 671 3 SKF SERDED 3.00 3.60 1.88 SENICA 1.64 1.16 1.24 3.25 2.05 2.60 3.00 2.35 2.40 - - - - - - - - - 3.20 1.15 1.80 1.70 1.18 3.00 3.20 1.65 3.00 1.62 1.88
SVK 12:00 672 3 SLOVAN BRATISLAVA 1.18 5.40 8.00 TRENCIN - 1.03 3.22 1.60 2.45 6.50 1.48 2.90 6.50 - - - - - - - - - 5.25 1.01 2.60 1.30 1.60 1.80 5.25 2.00 1.80 1.52 2.00
SVK 12:00 673 3 ZILINA 1.53 4.10 4.00 ZLATE MORAVCE 1.11 1.11 2.02 1.78 2.30 5.50 1.62 2.65 5.25 - - - - - - - - - 5.25 1.01 2.45 1.35 1.52 1.90 5.25 1.90 1.90 1.48 2.10
USA 12:00 1671 1 MONTREAL 1.70 3.40 4.00 CINCINNATI 1.13 1.19 1.84 2.20 2.15 4.30 2.02 2.45 4.00 2.65 4.60 21.00 14.00 5.50 15.00 38.00 9.25 6.75 3.90 1.12 1.92 1.58 1.32 2.50 3.90 1.85 2.50 1.55 1.95
POL2 12:08 674 3 LKS LODZ 1.60 3.90 3.90 GORNIK LECZNA 1.13 1.13 1.95 - - - - - - - - - - - - - - - - - - - - - - - - - -
BLR 12:30 675 3 ENERGETIK BGU 2.12 3.15 2.80 SLUTSK 1.27 1.21 1.48 2.70 1.90 3.45 2.45 2.20 3.15 - - - - - - - - - 3.50 1.12 1.82 1.68 1.20 2.85 3.50 1.62 2.85 1.55 1.95
EN VIVOV
TORNEO
HORA
COD.
MÍNIMO
POS.
POS.www.teapuesto.com.pe TE APUESTO 3
PRIMER SEGUNDO GOL 
OPCIÓN DOBLE PRIMER TIEMPO Y RESULTADO FINAL MENOS / MÁS GOLES RANGO DE GOL
TIEMPO TIEMPO NO GOL
LOCAL L E V VISITA
- 1.5 + 1.5 - 2.5 + 2.5 - 3.5 + 3.5
LoE LoV EoV L E V L E V L/L E/L V/L L/E E/E V/E L/V E/V V/V 0-1 2-3 4+ A NA
10(-) 20(+) 10(-) 30(+) 30(-) 40(+)
SÁBADO 22 DE MAYO - PROGRAMA 2171
CRO 12:30 676 3 DINAMO ZAGREB 1.28 4.60 6.50 HNK SIBENIK - 1.07 2.69 1.68 2.40 6.00 1.52 2.85 5.75 1.85 4.00 18.00 16.00 7.50 18.00 45.00 15.00 11.00 4.60 1.04 2.25 1.42 1.40 2.15 4.60 1.95 2.15 1.65 1.85
INCH 12:30 1659 1 SWANSEA 2.70 3.05 2.60 BARNSLEY 1.43 1.32 1.40 3.20 1.95 3.35 2.90 2.20 3.05 4.25 5.75 25.00 15.00 4.25 15.00 25.00 6.00 4.40 2.85 1.25 1.60 2.05 1.15 3.50 2.85 1.85 3.50 1.70 1.80
POL2 12:45 677 3 ODRA OPOLE 3.00 3.00 2.15 MIEDZ LEGNICA 1.50 1.25 1.25 3.70 1.88 2.85 3.40 2.15 2.55 5.00 7.00 28.00 15.00 4.25 15.00 25.00 5.25 3.60 2.70 1.28 1.45 2.15 1.10 4.00 2.70 1.72 4.00 1.85 1.65
BEL 13:00 680 1 MECHELEN 3.10 3.50 1.90 GENT 1.64 1.18 1.23 3.45 2.20 2.45 3.25 2.50 2.25 5.00 7.50 28.00 14.00 5.50 14.00 23.00 5.25 3.10 4.50 1.08 2.15 1.45 1.42 2.25 4.50 1.85 2.25 1.40 2.30
BEL 13:00 681 1 STANDARD LIEGE 2.12 3.60 2.65 OOSTANDE 1.33 1.18 1.53 2.60 2.25 3.10 2.40 2.55 2.90 3.45 5.75 22.00 13.00 5.75 13.00 25.00 7.00 4.40 5.25 1.04 2.45 1.35 1.55 1.95 5.25 2.00 1.95 1.32 2.50
ECU 13:00 687 3 ORENSE SC 2.85 3.10 2.10 UNIV CATOLICA (ECU) 1.48 1.21 1.25 3.60 1.95 2.60 3.30 2.20 2.35 5.00 7.00 28.00 14.00 4.40 14.00 25.00 4.90 3.25 3.20 1.15 1.70 1.80 1.18 3.00 3.20 1.65 3.00 1.60 1.90
GRC 13:00 1661 1 OLYMPIACOS 1.82 3.30 3.60 PAOK 1.17 1.21 1.72 2.45 2.00 4.10 2.25 2.30 3.80 3.00 4.75 23.00 14.00 5.00 15.00 32.00 8.00 6.00 2.85 1.25 1.58 1.92 1.15 3.50 2.85 1.78 3.50 1.82 1.68
TUR2 13:00 690 3 SAMSUNSPOR 1.43 3.90 5.25 ALTINORDU 1.05 1.12 2.24 2.00 2.15 4.60 1.85 2.50 4.25 - - - - - - - - - 3.75 1.10 1.90 1.60 1.28 2.50 3.75 1.72 2.50 1.60 1.90
URU 13:00 691 3 ATL FENIX 3.10 3.10 1.95 PENAROL 1.55 1.20 1.20 3.60 2.00 2.50 3.35 2.25 2.30 5.25 7.25 28.00 14.00 4.60 14.00 25.00 4.90 3.10 3.50 1.12 1.80 1.70 1.22 2.75 3.50 1.65 2.75 1.55 1.95
PER 13:15 392 1 UTC 1.75 3.40 3.80 ALIANZA ATLETICO 1.16 1.20 1.79 2.35 2.12 4.40 2.05 2.30 3.90 2.85 4.75 23.00 15.00 5.50 16.00 35.00 9.25 6.75 3.40 1.22 1.78 1.78 1.28 3.00 3.40 1.80 3.00 1.65 1.85
PER 13:30 386 1 U. CESAR VALLEJO 2.10 3.30 2.90 SPORTING CRISTAL 1.28 1.22 1.54 2.75 2.08 3.60 2.40 2.25 3.15 3.50 5.50 25.00 15.00 5.25 15.00 30.00 7.25 5.00 3.20 1.25 1.70 1.88 1.22 3.40 3.20 1.75 3.40 1.68 1.82
ITA 13:45 226 1 CAGLIARI 2.02 3.20 3.30 GENOVA 1.24 1.25 1.62 2.55 2.15 3.70 2.30 2.45 3.45 3.25 5.00 23.00 13.00 4.90 14.00 28.00 7.50 5.50 4.50 1.08 2.10 1.48 1.42 2.25 4.50 1.95 2.25 1.38 2.35
ITA 13:45 224 1 CROTONE 3.35 3.75 1.85 FIORENTINA 1.77 1.19 1.24 3.70 2.35 2.30 3.45 2.70 2.12 5.50 8.25 30.00 14.00 6.25 14.00 20.00 5.00 2.75 5.25 1.04 2.45 1.35 1.55 1.95 5.25 2.10 1.95 1.35 2.45
ITA 13:45 222 1 SAMPDORIA 1.70 3.90 3.70 PARMA 1.18 1.16 1.90 2.18 2.40 3.90 2.00 2.75 3.70 2.55 4.90 18.00 14.00 6.75 14.00 30.00 9.25 6.00 5.25 1.04 2.45 1.35 1.52 2.00 5.25 2.05 2.00 1.38 2.35
CHI 14:30 701 3 NUBLENSE 1.88 3.10 3.35 CURICO 1.17 1.20 1.61 2.55 1.95 3.60 2.30 2.25 3.35 3.25 4.90 25.00 14.00 4.40 14.00 28.00 7.25 5.50 3.75 1.10 1.85 1.65 1.25 2.60 3.75 1.80 2.60 1.52 2.00
USA 14:30 1672 1 PORTLAND 1.75 3.45 3.75 LOS ANGELES 1.16 1.19 1.80 2.25 2.18 4.10 2.05 2.50 3.90 2.80 4.60 21.00 14.00 5.00 14.00 32.00 9.00 7.00 5.00 1.05 2.30 1.40 1.50 2.05 5.00 1.95 2.05 1.35 2.45
URU 15:15 723 3 CERRO LARGO 1.65 3.20 4.00 CERRITO CS 1.09 1.17 1.78 2.20 2.00 4.40 2.00 2.35 4.10 2.60 4.25 22.00 14.00 4.75 15.00 32.00 9.00 7.00 3.75 1.10 1.85 1.65 1.25 2.60 3.75 1.68 2.60 1.58 1.92
ECU 15:30 724 3 INDEP. JOSE TERAN 1.28 4.60 6.50 GUAYAQUIL CITY - 1.07 2.69 1.68 2.30 7.00 1.52 2.70 6.75 1.85 3.75 20.00 17.00 5.75 19.00 50.00 16.00 15.00 5.00 1.02 2.30 1.40 1.48 2.00 5.00 1.80 2.00 1.60 1.90
VEN 16:00 726 3 ZAMORA 2.35 3.00 2.25 DEPOR TACHIRA 1.32 1.15 1.29 2.95 2.00 2.85 2.75 2.30 2.65 3.90 6.00 25.00 14.00 4.75 14.00 25.00 5.75 3.75 3.75 1.10 1.80 1.55 1.25 2.60 3.75 1.68 2.60 1.48 2.10
PAR 16:45 727 3 LIBERTAD 1.40 3.50 6.00 SOL DE AMERICA - 1.14 2.21 1.90 2.10 6.00 1.70 2.45 5.50 2.10 3.75 21.00 16.00 5.00 17.00 38.00 12.50 11.00 3.75 1.10 1.90 1.60 1.28 2.50 3.75 1.72 2.50 1.70 1.80
ARG 17:00 398 1 INDEPENDIENTE 2.55 2.95 2.50 COLON SANTA FE 1.37 1.26 1.35 3.10 1.88 3.40 2.80 2.15 3.05 4.10 5.75 25.00 15.00 4.40 15.00 28.00 6.25 4.50 2.50 1.32 1.48 2.10 1.10 4.00 2.50 1.80 4.00 1.88 1.62
CHI 17:00 728 2 SANTIAGO WANDERERS 2.65 3.00 2.30 O HIGGINS 1.41 1.23 1.30 3.10 1.90 3.05 2.80 2.15 2.75 4.10 6.00 25.00 14.00 4.40 14.00 25.00 5.75 4.00 2.85 1.20 1.62 1.88 1.12 3.50 2.85 1.78 3.50 1.70 1.80
USA 17:00 1673 1 CHICAGO 2.30 3.30 2.55 INTER MIAMI CF 1.36 1.21 1.44 2.90 2.15 3.00 2.65 2.45 2.75 3.75 6.00 25.00 14.00 5.25 14.00 28.00 6.25 4.00 4.00 1.10 2.00 1.52 1.32 2.50 4.00 1.80 2.50 1.45 2.15
ECU 18:00 731 3 MUSHUC RUNA SC 2.35 2.90 2.65 EMELEC 1.30 1.25 1.38 3.25 1.85 3.05 2.95 2.10 2.75 4.75 6.00 25.00 13.00 3.60 13.00 25.00 5.50 4.40 3.75 1.10 1.85 1.65 1.25 2.60 3.75 1.68 2.60 1.45 2.15
USA 18:00 1674 1 ORLANDO CITY 1.75 3.50 3.70 TORONTO 1.17 1.19 1.80 2.18 2.25 4.10 1.98 2.55 3.90 2.60 4.75 20.00 14.00 6.00 15.00 35.00 9.25 6.25 4.00 1.10 1.95 1.55 1.35 2.45 4.00 1.85 2.45 1.50 2.05
VEN 18:15 736 3 DEPOR LARA 2.45 2.70 2.35 DEPOR LA GUAIRA 1.28 1.20 1.26 3.15 1.85 3.05 2.85 2.15 2.75 4.25 5.75 25.00 14.00 4.00 14.00 25.00 5.50 4.10 3.20 1.15 1.60 1.75 1.18 3.00 3.20 1.65 3.00 1.60 1.90
USA 18:30 1675 1 NEW YORK CITY 1.57 3.50 4.70 COLUMBUS 1.08 1.18 2.01 2.05 2.18 4.90 1.85 2.55 4.60 2.35 4.25 22.00 15.00 5.50 16.00 40.00 11.00 8.25 4.00 1.10 1.88 1.62 1.32 2.50 4.00 1.80 2.50 1.58 1.92
USA 19:00 1677 1 DALLAS 1.85 3.40 3.40 SALT LAKE 1.20 1.20 1.70 2.40 2.12 3.80 2.18 2.45 3.60 2.90 4.90 22.00 14.00 5.25 14.00 32.00 8.00 5.75 3.90 1.12 1.85 1.65 1.30 2.60 3.90 1.78 2.60 1.52 2.00
USA 19:00 1676 1 NEW ENGLAND 1.72 3.45 3.90 NEW YORK 1.15 1.19 1.83 2.35 2.10 4.10 2.12 2.40 3.80 2.80 4.75 23.00 14.00 5.25 15.00 32.00 8.50 6.25 3.90 1.12 1.90 1.60 1.28 2.70 3.90 1.75 2.70 1.55 1.95
BRCA 19:05 739 3 FLAMENGO 1.30 4.00 7.25 FLUMINENSE - 1.10 2.58 1.78 2.05 7.25 1.60 2.45 6.75 1.95 3.60 20.00 17.00 5.75 18.00 38.00 15.00 12.50 2.75 1.22 1.55 1.95 1.10 3.75 2.75 1.62 3.75 2.30 1.40
CHI 19:30 740 2 UNION ESPANOLA 3.20 3.00 2.00 U. CATOLICA 1.55 1.23 1.20 3.10 2.00 2.85 2.80 2.25 2.60 4.00 6.25 28.00 14.00 5.00 14.00 25.00 5.75 3.60 3.00 1.18 1.78 1.72 1.15 3.20 3.00 1.80 3.20 1.68 1.82
MEXP 20:00 742 1 CRUZ AZUL 1.75 3.15 4.10 PACHUCA 1.13 1.23 1.78 2.25 2.00 4.90 2.02 2.30 4.50 2.60 4.25 23.00 15.00 4.90 16.00 40.00 9.75 7.75 3.00 1.22 1.52 2.00 1.15 3.50 3.00 1.72 3.50 1.82 1.68
USA 20:00 1678 1 HOUSTON 1.48 4.00 4.80 VANCOUVER 1.08 1.13 2.18 1.95 2.35 4.90 1.78 2.70 4.60 2.20 4.40 19.00 15.00 6.75 16.00 40.00 11.50 8.25 4.50 1.08 2.10 1.48 1.40 2.30 4.50 1.85 2.30 1.55 1.95
USA 21:00 1679 1 SAN JOSE 2.30 3.35 2.50 KANSAS 1.36 1.20 1.43 2.80 2.18 3.00 2.60 2.50 2.75 3.75 6.00 25.00 14.00 5.50 14.00 28.00 6.25 4.10 4.50 1.08 2.10 1.48 1.40 2.30 4.50 1.85 2.30 1.40 2.30
USA 21:30 1680 1 LOS ANGELES FC 1.60 3.60 4.40 COLORADO 1.11 1.17 1.98 2.15 2.25 4.25 1.95 2.55 4.00 2.60 4.60 20.00 14.00 5.25 15.00 38.00 9.50 7.25 5.50 1.03 2.45 1.35 1.58 1.92 5.50 2.00 1.90 1.32 2.50
DOMINGO 23 DE MAYO - PROGRAMA 2172
JAP2 00:00 755 3 FAGIANO OKAYAMA 3.00 2.80 2.18 V-VAREN NAGASAKI 1.45 1.26 1.23 3.60 1.75 3.00 3.25 2.00 2.70 5.00 6.25 28.00 15.00 3.60 14.00 25.00 5.25 4.00 2.60 1.25 1.48 2.10 1.10 3.75 2.60 1.68 3.75 1.75 1.75
JAP2 00:00 756 3 GIRA KITAKYUSHU 3.40 2.90 1.98 OMIYA 1.57 1.25 1.18 4.10 1.80 2.65 3.75 2.05 2.35 5.75 7.25 28.00 15.00 4.00 14.00 25.00 4.60 3.25 2.50 1.28 1.45 2.15 1.06 4.25 2.50 1.62 4.25 1.90 1.60
JAP2 00:00 757 3 JEF UTD CHIBA 2.75 2.80 2.30 MACHIDA ZELVIA 1.39 1.25 1.26 3.30 1.80 3.05 3.00 2.05 2.75 4.50 6.00 25.00 14.00 3.90 14.00 25.00 5.50 4.10 2.75 1.22 1.45 2.15 1.10 3.75 2.75 1.62 3.75 1.72 1.78
JAP2 00:00 758 3 MITO HOLLYHOCK 3.00 2.95 2.10 KOFU 1.49 1.24 1.23 3.50 1.85 2.80 3.20 2.10 2.55 4.90 6.50 28.00 14.00 4.10 14.00 25.00 5.00 3.60 2.85 1.20 1.55 1.95 1.12 3.50 2.85 1.62 3.50 1.72 1.78
JAP2 00:00 759 3 NIIGATA 2.25 3.10 2.60 KYOTO SANGA 1.30 1.21 1.41 2.80 1.90 3.30 2.55 2.20 3.00 3.60 5.25 25.00 13.00 4.50 13.00 28.00 6.25 4.40 3.00 1.18 1.65 1.85 1.15 3.20 3.00 1.65 3.20 1.65 1.85
JAP2 00:00 760 3 TOCHIGI 2.45 2.65 2.70 MATSUMOTO YAMAGA 1.27 1.28 1.34 3.25 1.70 3.50 2.90 1.95 3.10 4.40 5.50 25.00 15.00 3.45 15.00 25.00 5.75 4.75 2.35 1.32 1.38 2.35 1.04 4.60 2.35 1.65 4.60 1.90 1.60
JAP2 00:00 761 3 ZWEIGEN KANAZAWA 1.82 3.20 3.45 KUSATSU GUNMA 1.16 1.19 1.66 2.45 1.90 4.00 2.20 2.20 3.60 2.95 4.60 25.00 14.00 4.60 14.00 28.00 7.75 5.50 2.75 1.22 1.55 1.95 1.10 3.75 2.75 1.62 3.75 1.82 1.68
JAP 01:00 763 2 CEREZO OSAKA 2.45 3.05 2.55 HIROSHIMA 1.36 1.25 1.39 3.15 1.90 3.25 2.85 2.18 2.95 4.10 5.75 25.00 15.00 4.40 15.00 25.00 6.00 4.25 2.70 1.28 1.48 2.10 1.10 4.00 2.70 1.72 4.00 1.82 1.68
JAP2 01:00 764 3 TOKYO VERDY 3.70 3.25 1.75 IWATA 1.73 1.19 1.14 4.25 1.95 2.30 4.00 2.25 2.05 6.50 8.50 32.00 15.00 4.60 14.00 22.00 4.40 2.75 3.20 1.15 1.78 1.72 1.18 3.00 3.20 1.65 3.00 1.68 1.82
AUS 01:05 765 3 SYDNEY 1.50 4.00 4.60 WESTERN SYDNEY 1.09 1.13 2.14 1.95 2.35 4.75 1.78 2.70 4.50 2.20 4.40 19.00 15.00 6.75 16.00 40.00 11.00 7.75 4.50 1.08 2.15 1.45 1.42 2.25 4.50 1.85 2.25 1.52 2.00
COR 02:30 770 3 GWANGJU 3.20 2.90 2.05 SUWON SB 1.52 1.25 1.20 3.75 1.80 2.85 3.35 2.05 2.55 5.25 6.75 28.00 15.00 3.90 15.00 25.00 5.00 3.60 2.60 1.25 1.48 2.10 1.08 4.00 2.60 1.78 4.00 1.82 1.68
AUS 03:10 772 3 MELBOURNE VICTORY 3.15 3.50 1.88 ADELAIDE UTD 1.66 1.18 1.22 3.60 2.35 2.25 3.40 2.65 2.08 5.50 8.25 30.00 14.00 6.00 14.00 20.00 5.00 2.75 5.50 1.03 2.45 1.35 1.58 1.92 5.50 2.00 1.90 1.32 2.50
COR 05:00 779 2 DAEGU FC 3.00 2.95 2.10 JEONBUK HM 1.49 1.24 1.23 3.90 1.95 2.45 3.60 2.20 2.25 5.75 7.50 28.00 15.00 4.50 14.00 25.00 4.75 3.05 3.20 1.15 1.65 1.85 1.15 3.20 3.20 1.75 3.20 1.65 1.85
COR 05:00 780 2 GANGWON FC 2.10 3.15 2.80 FC SEOUL 1.26 1.20 1.48 2.70 1.95 3.40 2.45 2.25 3.10 3.40 5.25 25.00 14.00 4.75 14.00 28.00 6.75 4.60 3.00 1.18 1.65 1.85 1.15 3.20 3.00 1.80 3.20 1.65 1.85
AUS 05:15 798 2 PERTH GLORY 2.08 3.35 2.90 MACARTHUR FC 1.28 1.21 1.55 2.60 2.15 3.35 2.35 2.45 3.10 3.25 5.50 25.00 14.00 5.50 14.00 28.00 7.00 4.75 4.00 1.10 1.92 1.58 1.35 2.45 4.00 1.85 2.45 1.45 2.15
POL2 05:40 799 3 ARKA GDYNIA 1.70 3.30 4.10 WIDZEW LODZ 1.12 1.20 1.83 2.30 1.98 4.70 2.08 2.30 4.30 2.75 4.40 23.00 15.00 4.90 15.00 32.00 9.25 7.25 3.00 1.22 1.58 1.92 1.15 3.50 3.00 1.72 3.50 1.82 1.68
POL3 06:00 802 3 LECH II POZNAN 2.30 3.45 2.30 LKP  MOTOR LUBLIN 1.38 1.15 1.38 - - - - - - - - - - - - - - - - - - - - - - - - - -
SU3N 06:00 803 3 HUDIKSVALLS 2.10 3.35 2.65 PITEA IF 1.29 1.17 1.48 2.60 2.10 3.15 2.40 2.40 2.90 - - - - - - - - - 4.00 1.08 2.10 1.48 1.28 2.50 4.00 1.68 2.50 1.48 2.10
SUE2 06:00 804 3 OSTER 1.90 3.05 3.40 BRAGE 1.17 1.22 1.61 2.55 1.90 3.75 2.30 2.20 3.45 3.20 4.90 25.00 14.00 4.50 14.00 28.00 7.25 5.50 3.00 1.18 1.58 1.92 1.15 3.20 3.00 1.80 3.20 1.68 1.82
ICL 06:45 807 3 SUTTON UTD 2.00 3.25 2.95 HARTLEPOOL 1.24 1.19 1.55 2.60 1.95 3.45 2.40 2.25 3.20 3.30 5.00 25.00 14.00 4.90 14.00 28.00 6.75 4.75 3.00 1.18 1.65 1.85 1.15 3.20 3.00 1.80 3.20 1.65 1.85
DEN2 07:00 808 3 HOBRO 2.35 3.20 2.45 VENDSYSSEL 1.35 1.20 1.39 2.85 1.95 3.20 2.60 2.25 2.90 3.75 5.50 25.00 14.00 4.75 14.00 28.00 6.25 4.25 3.20 1.15 1.72 1.78 1.18 3.00 3.20 1.80 3.00 1.62 1.88
PAR 07:30 811 3 CERRO PORTENO 1.50 3.40 5.00 12 DE OCTUBRE 1.04 1.15 2.02 2.00 2.05 5.25 1.80 2.35 4.90 2.25 4.00 22.00 15.00 4.90 16.00 38.00 11.00 9.00 3.50 1.12 1.80 1.70 1.22 2.75 3.50 1.65 2.75 1.70 1.80
POL3 08:00 816 3 OLIMPIA ELBLAG 2.55 3.05 2.35 SKRA CZESTOCHOWA 1.39 1.22 1.33 - - - - - - - - - - - - - - - - - - - - - - - - - -
SU3N 08:00 817 3 DALKURD 1.25 4.80 6.50 LULEA - 1.05 2.76 1.60 2.55 6.00 1.48 3.05 5.75 - - - - - - - - - 5.25 1.01 2.50 1.32 1.52 1.90 5.25 1.90 1.90 1.55 1.95
SU3N 08:00 818 3 UMEA 1.48 3.90 4.50 ASSYRISKA 1.07 1.11 2.09 1.90 2.30 4.50 1.75 2.65 4.25 - - - - - - - - - 5.00 1.02 2.45 1.35 1.48 2.00 5.00 1.80 2.00 1.42 2.25
SUE 08:00 819 2 HALMSTAD 2.05 3.00 3.25 DEGERFORS 1.22 1.26 1.56 2.65 1.98 3.70 2.40 2.25 3.40 3.35 5.00 25.00 14.00 4.60 15.00 28.00 7.25 5.25 3.10 1.20 1.65 1.85 1.20 3.10 3.10 1.80 3.10 1.65 1.85
SUE 08:00 820 2 KALMAR 2.70 3.15 2.25 HAMMARBY 1.45 1.23 1.31 3.35 2.02 2.85 3.05 2.30 2.60 4.60 6.50 28.00 14.00 4.75 14.00 25.00 5.50 3.75 3.30 1.18 1.72 1.78 1.22 3.00 3.30 1.78 3.00 1.58 1.92
SUE2 08:00 821 3 FALKENBERG 1.62 3.70 3.80 VASALUND ESSINGE 1.13 1.14 1.87 2.05 2.10 4.60 1.85 2.45 4.40 2.40 4.25 21.00 14.00 5.50 15.00 40.00 10.00 7.50 3.75 1.10 1.95 1.55 1.25 2.60 3.75 1.80 2.60 1.65 1.85
AL2 08:30 822 1 AUE 2.95 3.50 1.98 OSNABRUCK 1.60 1.18 1.26 3.40 2.10 2.60 3.15 2.40 2.40 4.75 7.00 28.00 14.00 5.25 14.00 25.00 5.25 3.25 3.90 1.12 2.10 1.48 1.28 2.70 3.90 1.75 2.70 1.52 2.00
AL2 08:30 823 1 BOCHUM 1.78 3.40 3.70 SANDHAUSEN 1.17 1.20 1.77 2.15 2.15 4.50 1.95 2.50 4.20 2.60 4.50 21.00 14.00 5.25 15.00 40.00 9.50 7.50 4.50 1.08 2.15 1.45 1.40 2.30 4.50 1.85 2.30 1.48 2.10
AL2 08:30 824 1 GREUTHER FURTH 1.57 3.90 4.20 FORTUNA DUSSELDORF 1.12 1.14 2.02 2.00 2.25 4.75 1.82 2.65 4.50 2.30 4.40 20.00 15.00 6.00 16.00 40.00 11.00 8.00 4.75 1.06 2.35 1.38 1.45 2.15 4.75 1.90 2.15 1.48 2.10
AL2 08:30 825 1 HAMBURGO 1.63 3.60 4.10 BRAUNSCHWEIG 1.12 1.17 1.92 2.20 2.20 4.10 2.02 2.55 3.80 2.65 4.75 20.00 14.00 5.75 15.00 32.00 9.00 6.25 4.50 1.08 2.35 1.38 1.40 2.30 4.50 1.85 2.30 1.45 2.15
AL2 08:30 826 1 HANNOVER 2.30 3.25 2.60 NURENBERG 1.35 1.22 1.44 2.80 2.18 3.00 2.60 2.50 2.75 3.75 6.00 25.00 14.00 5.50 14.00 25.00 6.25 4.10 4.50 1.08 2.15 1.45 1.40 2.30 4.50 1.85 2.30 1.40 2.30
AL2 08:30 827 1 HEIDENHEIM 2.08 3.45 2.80 KARLSRUHER 1.30 1.19 1.55 2.80 2.12 3.10 2.60 2.45 2.85 3.75 5.75 25.00 14.00 5.25 14.00 28.00 6.50 4.10 3.90 1.12 2.15 1.45 1.32 2.50 3.90 1.85 2.50 1.48 2.10
AL2 08:30 828 1 HOLSTEIN KIEL 1.58 3.90 4.00 DARMSTADT 1.12 1.13 1.97 2.02 2.25 4.70 1.85 2.60 4.40 2.35 4.40 20.00 15.00 6.00 16.00 40.00 10.50 7.75 4.50 1.08 2.50 1.32 1.40 2.30 4.50 1.85 2.30 1.52 2.00
AL2 08:30 829 1 REGENSBURG 2.30 3.20 2.60 ST. PAULI 1.34 1.22 1.43 2.85 2.12 3.05 2.65 2.40 2.80 3.75 6.00 25.00 14.00 5.25 14.00 28.00 6.25 4.10 3.90 1.12 2.30 1.40 1.32 2.50 3.90 1.85 2.50 1.48 2.10
AL2 08:30 830 1 WURZBURGER KICKERS 3.60 3.60 1.75 PADERBORN 1.80 1.18 1.18 4.20 2.25 2.15 4.00 2.60 1.95 6.50 9.50 38.00 15.00 6.00 15.00 21.00 4.60 2.50 4.00 1.10 2.60 1.30 1.35 2.45 4.00 1.85 2.45 1.52 2.00
SU3N 08:30 831 3 HAMMARBY TALANG 7.50 5.25 1.20 BROMMAPOJKARNA 3.09 1.03 - 6.50 2.60 1.55 6.25 3.05 1.45 - - - - - - - - - 5.00 1.02 2.45 1.35 1.48 2.00 5.00 1.80 2.00 1.65 1.85
POL3 09:00 838 3 POGON SIEDLCE 2.55 3.25 2.25 KKS 1925 KALISZ 1.43 1.20 1.33 - - - - - - - - - - - - - - - - - - - - - - - - - -
SD2P 09:00 839 1 BRECHIN 5.60 4.40 1.33 KELTY HEARTS FC 2.46 1.07 1.02 5.00 2.50 1.72 4.90 2.90 1.58 8.75 13.00 38.00 16.00 7.75 15.00 16.00 4.25 1.90 5.25 1.01 2.45 1.35 1.52 1.90 5.25 1.90 1.90 1.48 2.10
AUT2 10:00 841 3 DORNBIRN 2.55 3.40 2.15 FAC TEAM FUR WIEN 1.46 1.17 1.32 3.00 2.15 2.60 2.80 2.45 2.40 4.10 6.50 28.00 14.00 5.50 14.00 25.00 5.75 3.40 4.60 1.04 2.30 1.40 1.40 2.15 4.60 1.95 2.15 1.38 2.35
AUT2 10:00 842 3 GRAZER AK 1.48 3.90 4.50 KAPFENBERG 1.07 1.11 2.09 2.00 2.15 4.75 1.80 2.50 4.40 2.25 4.25 21.00 15.00 5.75 16.00 40.00 10.50 7.75 4.00 1.08 2.35 1.38 1.32 2.35 4.00 1.90 2.35 1.55 1.95
AUT2 10:00 843 3 LAFNITZ 1.70 3.70 3.45 AUSTRIA LUSTENAU 1.16 1.14 1.79 2.20 2.10 3.90 2.00 2.45 3.60 2.65 4.60 21.00 14.00 5.50 14.00 32.00 8.50 6.00 3.75 1.10 2.25 1.42 1.28 2.50 3.75 1.90 2.50 1.55 1.95
AUT2 10:00 844 3 LIEFERING 2.05 3.45 2.70 BLAU-WEISS LINZ 1.29 1.17 1.51 2.55 2.15 3.10 2.35 2.45 2.90 3.25 5.50 22.00 13.00 5.50 13.00 28.00 6.75 4.40 4.60 1.04 2.30 1.40 1.40 2.15 4.60 1.95 2.15 1.38 2.35
AUT2 10:00 845 3 RAPID WIEN (AM) 4.10 4.00 1.53 AUSTRIA KLAGENFURT 2.02 1.11 1.11 5.50 2.30 1.80 5.25 2.70 1.62 9.50 13.00 40.00 16.00 6.50 15.00 18.00 4.10 2.05 4.60 1.04 2.50 1.32 1.40 2.15 4.60 1.95 2.15 1.55 1.95
AUT2 10:00 846 3 SV HORN 2.30 3.60 2.30 AMSTETTEN 1.40 1.15 1.40 2.60 2.20 2.90 2.40 2.50 2.70 3.45 5.75 22.00 13.00 5.75 13.00 23.00 6.50 4.00 5.00 1.02 2.45 1.35 1.48 2.00 5.00 2.00 2.00 1.32 2.50
AUT2 10:00 847 3 WACKER INNSBRUCK 1.18 5.40 8.25 PASCHING - 1.03 3.26 1.50 2.70 7.00 1.38 3.25 6.75 1.60 4.10 17.00 18.00 9.50 20.00 50.00 20.00 14.00 5.25 1.01 2.70 1.28 1.60 1.80 5.25 2.20 1.80 1.62 1.88
CZE 10:00 854 3 BOHEMIANS 1905 4.50 3.80 1.55 SPARTA PRAGUE 2.06 1.15 1.10 4.00 2.12 2.35 3.75 2.45 2.12 6.25 8.50 32.00 15.00 4.90 14.00 23.00 4.75 2.85 4.50 1.08 2.00 1.52 1.38 2.35 4.50 1.80 2.35 1.45 2.15
CZE 10:00 855 3 BRNO 1.68 3.50 3.90 OPAVA 1.14 1.17 1.84 2.35 2.08 4.10 2.12 2.40 3.90 2.85 4.60 23.00 14.00 4.90 15.00 32.00 8.50 6.50 3.90 1.12 1.90 1.60 1.30 2.60 3.90 1.78 2.60 1.52 2.00
CZE 10:00 856 3 BUDEJOVICE 3.25 3.25 1.95 SLOVACKO 1.63 1.22 1.22 3.60 2.00 2.65 3.35 2.30 2.40 5.25 7.00 28.00 15.00 4.75 14.00 25.00 5.25 3.35 3.30 1.18 1.68 1.82 1.20 3.10 3.30 1.75 3.10 1.62 1.88
CZE 10:00 857 3 FASTAV ZLIN 3.25 3.25 1.95 SLOVAN LIBEREC 1.63 1.22 1.22 3.30 2.05 2.75 3.05 2.35 2.50 4.75 6.75 28.00 14.00 4.75 14.00 25.00 5.50 3.60 3.90 1.12 1.68 1.82 1.30 2.60 3.90 1.78 2.60 1.48 2.10
CZE 10:00 858 3 JABLONEC 3.20 3.35 1.92 SLAVIA PRAGUE 1.64 1.20 1.22 4.10 2.12 2.30 3.80 2.45 2.10 6.25 8.50 32.00 15.00 5.25 14.00 23.00 4.75 2.80 3.90 1.12 1.92 1.58 1.32 2.50 3.90 1.85 2.50 1.52 2.00
CZE 10:00 859 3 KARVINA 2.30 3.00 2.80 TEPLICE 1.30 1.26 1.45 2.90 1.95 3.45 2.65 2.20 3.15 3.90 5.50 25.00 14.00 4.40 14.00 28.00 6.50 4.75 3.00 1.22 1.62 1.88 1.18 3.30 3.00 1.78 3.30 1.65 1.85
CZE 10:00 860 3 PRIBRAM 2.12 3.35 2.80 PARDUBICE 1.30 1.21 1.53 2.95 2.12 2.90 2.75 2.45 2.70 3.90 6.25 28.00 14.00 5.50 14.00 25.00 6.00 3.75 3.90 1.12 1.82 1.68 1.28 2.70 3.90 1.75 2.70 1.50 2.05
CZE 10:00 861 3 SIGMA OLOMOUC 2.30 3.00 2.75 MLADA BOLESLAV 1.30 1.25 1.43 2.80 2.10 3.20 2.55 2.40 2.95 3.75 5.75 25.00 13.00 4.75 14.00 28.00 6.50 4.50 4.50 1.08 1.88 1.62 1.40 2.30 4.50 1.85 2.30 1.38 2.35
CZE 10:00 862 3 VIKTORIA PLZEN 1.68 3.50 3.90 BANIK OSTRAVA 1.14 1.17 1.84 2.20 2.15 4.30 2.00 2.45 4.10 2.60 4.60 21.00 14.00 5.50 15.00 35.00 9.25 6.75 3.90 1.12 1.88 1.62 1.28 2.70 3.90 1.75 2.70 1.60 1.90
INPL 10:00 206 1 ARSENAL 1.57 3.80 4.80 BRIGHTON 1.11 1.18 2.12 2.08 2.20 5.00 1.90 2.55 4.70 2.35 4.25 22.00 15.00 5.75 16.00 40.00 10.50 8.00 3.50 1.15 1.85 1.65 1.25 2.85 3.50 1.85 2.85 1.68 1.82
INPL 10:00 205 1 ASTON VILLA 5.75 4.10 1.43 CHELSEA 2.39 1.15 1.06 5.90 2.30 1.90 5.60 2.70 1.72 10.00 14.00 40.00 17.00 6.50 16.00 20.00 4.10 2.10 3.90 1.12 1.92 1.58 1.30 2.60 3.90 1.85 2.60 1.75 1.75
INPL 10:00 203 1 FULHAM 2.10 3.45 2.90 NEWCASTLE 1.31 1.22 1.58 2.60 2.18 3.45 2.40 2.50 3.20 3.20 5.25 23.00 14.00 5.50 14.00 28.00 7.25 4.75 3.90 1.12 1.92 1.58 1.32 2.50 3.90 1.90 2.50 1.50 2.05
INPL 10:00 209 1 LEEDS 1.40 4.50 5.60 WEST BROM 1.07 1.12 2.50 1.85 2.50 5.40 1.68 2.90 5.10 2.05 4.40 17.00 15.00 7.50 16.00 38.00 13.00 9.25 4.75 1.06 2.35 1.38 1.45 2.15 4.75 2.00 2.15 1.55 1.95
INPL 10:00 207 1 LEICESTER 1.98 3.70 3.25 TOTTENHAM 1.29 1.23 1.73 2.65 2.15 3.50 2.45 2.45 3.25 3.25 5.25 25.00 14.00 5.25 14.00 28.00 7.00 4.75 3.50 1.15 2.15 1.55 1.28 2.70 3.50 1.90 2.70 1.52 2.00
INPL 10:00 201 1 LIVERPOOL 1.13 6.50 13.00 CRYSTAL PALACE - 1.04 4.33 1.47 2.90 9.75 1.35 3.60 9.75 1.50 4.00 19.00 22.00 10.00 25.00 70.00 30.00 22.00 5.75 1.02 2.70 1.28 1.62 1.88 5.75 2.10 1.90 1.85 1.65
INPL 10:00 204 1 MANCHESTER CITY 1.38 4.40 6.00 EVERTON 1.05 1.12 2.54 1.75 2.50 6.25 1.60 2.95 6.00 1.90 4.10 19.00 17.00 7.50 18.00 50.00 16.00 11.50 4.50 1.08 2.05 1.50 1.42 2.25 4.50 1.95 2.25 1.68 1.82
INPL 10:00 202 1 SHEFFIELD UTD 2.80 3.25 2.25 BURNLEY 1.50 1.25 1.33 3.30 2.05 2.95 3.05 2.35 2.70 4.40 6.50 28.00 14.00 4.75 14.00 25.00 5.75 3.75 3.30 1.18 1.82 1.68 1.20 3.10 3.30 1.80 3.10 1.60 1.90
INPL 10:00 208 1 WEST HAM 1.63 3.75 4.30 SOUTHAMPTON 1.14 1.18 2.00 2.15 2.25 4.50 1.98 2.60 4.25 2.50 4.50 21.00 15.00 5.75 15.00 38.00 9.75 7.00 4.00 1.10 2.00 1.52 1.35 2.45 4.00 1.90 2.45 1.55 1.95
INPL 10:00 210 1 WOLVES 2.50 3.30 2.45 MANCHESTER UTD 1.42 1.24 1.41 3.25 2.05 2.95 3.00 2.35 2.70 4.25 6.25 28.00 14.00 4.75 14.00 25.00 5.75 3.90 3.30 1.18 1.85 1.65 1.22 3.00 3.30 1.85 3.00 1.58 1.92
URU 10:00 866 3 PLAZA COLONIA 2.60 3.10 2.25 TORQUE 1.41 1.21 1.30 3.20 1.95 2.85 2.90 2.25 2.60 4.25 6.25 28.00 14.00 4.60 13.00 25.00 5.50 3.60 3.20 1.15 1.70 1.80 1.18 3.00 3.20 1.65 3.00 1.62 1.88
FIN 10:30 869 3 MARIEHAMN 1.92 3.15 3.20 HAKA 1.19 1.20 1.59 2.45 2.00 3.75 2.20 2.30 3.40 3.00 4.90 25.00 14.00 5.00 14.00 28.00 7.50 5.25 3.20 1.15 1.68 1.82 1.20 2.85 3.20 1.85 2.85 1.60 1.90
FIN 10:30 870 3 OULU 3.40 2.75 2.02 HIFK 1.52 1.27 1.16 4.25 1.80 2.55 3.90 2.10 2.30 6.50 7.75 28.00 15.00 3.90 15.00 25.00 4.60 3.20 2.75 1.22 1.35 2.45 1.10 3.75 2.75 1.75 3.75 1.78 1.72
FIN2 10:30 871 3 JARO 2.30 3.10 2.55 VAASA 1.32 1.21 1.40 2.55 2.00 3.40 2.35 2.30 3.15 3.15 5.00 25.00 13.00 5.00 14.00 28.00 6.75 4.75 3.50 1.12 1.82 1.68 1.22 2.75 3.50 1.65 2.75 1.58 1.92
FIN2 10:30 872 3 MP MIKKELIN 4.50 3.15 1.63 TURUN PALLOSEURA 1.85 1.20 1.07 5.00 1.90 2.20 4.60 2.20 2.00 8.00 9.50 38.00 15.00 4.25 15.00 22.00 4.10 2.60 3.00 1.18 1.60 1.90 1.15 3.20 3.00 1.65 3.20 1.82 1.68
SUE 10:30 873 3 DJURGARDEN 1.63 3.30 4.60 GOTEMBURGO 1.09 1.20 1.92 2.12 2.10 5.00 1.92 2.45 4.70 2.50 4.25 23.00 15.00 5.00 16.00 40.00 10.50 8.50 3.90 1.12 1.72 1.78 1.30 2.60 3.90 1.78 2.60 1.60 1.90
SUE 10:30 874 3 HACKEN 1.62 3.30 4.80 VARBERGS 1.09 1.21 1.96 2.02 2.18 5.10 1.85 2.50 4.75 2.30 4.25 22.00 15.00 5.75 16.00 40.00 11.00 8.25 3.50 1.15 1.82 1.68 1.25 2.85 3.50 1.78 2.85 1.70 1.80
BLRC 11:00 832 3 BATE BORISOV 1.35 4.00 6.25 ISLOCH 1.01 1.11 2.44 - - - - - - - - - - - - - - - - - - - - - - - - - -
ITA 11:00 229 1 INTER 1.33 5.00 6.50 UDINESE 1.05 1.10 2.83 1.72 2.65 5.75 1.58 3.15 5.60 1.85 4.25 17.00 16.00 8.50 18.00 45.00 16.00 10.50 5.75 1.02 2.70 1.28 1.62 1.88 5.75 2.10 1.90 1.48 2.10
PER 11:00 390 1 SPORT HUANCAYO 2.40 3.10 2.60 SPORT BOYS 1.35 1.25 1.41 3.10 2.02 3.30 2.65 2.20 2.85 4.10 6.00 25.00 15.00 4.75 15.00 30.00 6.50 4.50 3.20 1.25 1.70 1.88 1.22 3.40 3.20 1.75 3.40 1.62 1.88
POL3 11:00 884 3 GKS KATOWICE 1.45 4.10 4.50 BYTOVIA BYTOW 1.07 1.10 2.15 - - - - - - - - - - - - - - - - - - - - - - - - - -
POL3 11:00 885 3 OLIMPIA GRUDZIADZ 2.25 3.25 2.55 SLASK WROCLAW II 1.33 1.20 1.43 - - - - - - - - - - - - - - - - - - - - - - - - - -
CHI 11:30 888 2 MELIPILLA 2.40 2.80 2.65 ANTOFAGASTA 1.29 1.26 1.36 3.00 1.95 3.00 2.75 2.25 2.75 3.90 5.75 25.00 14.00 4.75 14.00 25.00 5.75 3.90 3.00 1.18 1.80 1.70 1.15 3.20 3.00 1.80 3.20 1.65 1.85
ESP 11:30 212 1 GRANADA 2.45 3.25 2.55 GETAFE 1.40 1.25 1.43 3.00 2.10 3.15 2.75 2.40 2.85 3.90 6.00 25.00 14.00 5.00 14.00 28.00 6.25 4.10 3.50 1.15 1.78 1.72 1.25 2.85 3.50 1.85 2.85 1.55 1.95
POL2 12:05 891 3 RESOVIA 2.00 3.05 3.30 KORONA KIELCE 1.21 1.25 1.59 2.95 1.90 3.50 2.65 2.15 3.20 3.90 5.50 25.00 14.00 4.50 14.00 28.00 6.50 4.75 2.60 1.30 1.50 2.05 1.10 4.00 2.60 1.78 4.00 1.85 1.65
POL2 12:10 892 3 SANDECJA NOWY SACZ 1.82 3.25 3.60 CHROBRY GLOGOW 1.17 1.21 1.71 2.90 1.92 3.50 2.65 2.20 3.15 3.75 5.50 25.00 14.00 4.50 14.00 28.00 6.50 4.75 2.85 1.25 1.58 1.92 1.15 3.50 2.85 1.78 3.50 1.75 1.75
BUL 12:30 893 3 BOTEV PLOVDIV 1.63 3.25 4.25 FC TRARSKO SELO SOFIA 1.09 1.18 1.84 2.25 1.95 4.40 2.05 2.25 4.10 - - - - - - - - - 2.75 1.22 1.55 1.95 1.10 3.75 2.75 1.62 3.75 1.85 1.65
BUL 12:30 894 3 CHERNO MORE 1.68 3.35 4.00 LEVSKI SOFIA 1.12 1.18 1.82 2.20 2.00 4.40 2.00 2.30 4.10 - - - - - - - - - 3.00 1.18 1.65 1.85 1.15 3.20 3.00 1.65 3.20 1.75 1.75
ING2 12:30 895 1 FOREST GREEN 2.35 3.05 2.65 NEWPORT COUNTY 1.33 1.25 1.42 2.95 1.88 3.60 2.65 2.15 3.25 3.90 5.25 25.00 14.00 4.25 14.00 28.00 6.75 5.00 2.85 1.25 1.52 2.00 1.12 3.90 2.85 1.68 3.90 1.78 1.72
ISR 12:30 1597 3 HAPOEL BEER SHEVA 2.18 2.90 2.90 HAPOEL KIRYAT SHMONA 1.24 1.24 1.45 2.85 1.85 3.60 2.55 2.10 3.25 3.60 5.00 25.00 14.00 4.10 14.00 28.00 6.50 4.90 2.60 1.25 1.48 2.10 1.08 4.00 2.60 1.62 4.00 1.82 1.68
ISR 12:30 1598 3 MACCABI HAIFA 1.40 3.80 5.60 ASHDOD 1.02 1.12 2.26 - - - - - - - - - - - - - - - - - 1.80 1.70 - - - - - - -
ISR 12:30 1599 3 MACCABI PETACH TIKVA 3.90 3.45 1.67 MACCABI TEL AVIV 1.83 1.17 1.13 - - - - - - - - - - - - - - - - - 1.58 1.92 - - - - - - -
URU 13:00 915 3 PROGRESO 3.50 3.20 1.80 NACIONAL 1.67 1.19 1.15 4.00 2.00 2.35 3.75 2.30 2.15 6.00 8.00 32.00 14.00 4.75 14.00 22.00 4.60 2.80 3.20 1.15 1.75 1.75 1.20 2.85 3.20 1.70 2.85 1.62 1.88
ARG 13:30 396 1 RACING CLUB 3.60 3.00 1.90 BOCA JUNIORS 1.64 1.24 1.16 4.50 1.85 2.60 4.00 2.10 2.35 6.50 8.00 28.00 16.00 4.10 15.00 25.00 4.60 3.20 2.50 1.32 1.42 2.25 1.08 4.50 2.50 1.72 4.50 1.92 1.58
ITA 13:45 228 1 ATALANTA 2.55 3.90 2.30 MILAN 1.54 1.21 1.45 2.85 2.35 2.80 2.65 2.70 2.60 3.75 6.50 25.00 14.00 6.25 14.00 23.00 6.25 3.60 5.25 1.04 2.70 1.35 1.52 2.00 5.25 2.05 2.00 1.32 2.50
ITA 13:45 225 1 BOLOGNA 8.25 5.60 1.23 JUVENTUS 3.34 1.07 1.01 7.00 2.80 1.58 7.00 3.35 1.45 14.00 20.00 50.00 21.00 9.25 19.00 18.00 4.25 1.65 6.25 1.01 2.70 1.28 1.68 1.82 6.25 2.15 1.80 1.55 1.95
ITA 13:45 227 1 NAPOLI 1.18 6.25 9.75 VERONA - 1.05 3.81 1.52 2.95 8.00 1.40 3.50 7.75 1.55 4.25 18.00 20.00 10.50 22.00 50.00 23.00 17.00 6.25 1.01 2.85 1.25 1.75 1.75 6.25 2.25 1.75 1.60 1.90
ITA 13:45 223 1 SASSUOLO 1.88 3.90 3.15 LAZIO 1.27 1.18 1.74 2.35 2.40 3.40 2.20 2.75 3.20 2.85 5.50 19.00 14.00 6.75 14.00 28.00 8.00 4.90 5.25 1.04 2.45 1.35 1.55 1.95 5.25 2.10 1.95 1.32 2.50
ITA 13:45 221 1 SPEZIA 4.40 4.20 1.55 ROMA 2.15 1.15 1.13 4.50 2.50 1.98 4.25 2.90 1.82 7.25 11.00 38.00 16.00 7.00 15.00 18.00 4.60 2.20 5.50 1.03 2.50 1.32 1.58 1.92 5.50 2.10 1.90 1.38 2.35
ITA 13:45 252 1 TORINO 1.78 3.80 3.50 BENEVENTO 1.21 1.18 1.82 2.30 2.30 3.80 2.12 2.65 3.60 2.75 5.00 20.00 14.00 6.25 14.00 30.00 8.50 5.50 4.50 1.08 2.15 1.45 1.42 2.25 4.50 1.95 2.25 1.42 2.25
CHI 14:00 926 2 HUACHIPATO 2.30 2.95 2.65 COLO COLO 1.29 1.23 1.40 2.85 1.90 3.30 2.60 2.15 3.00 3.75 5.50 25.00 14.00 4.40 14.00 28.00 6.25 4.60 3.00 1.18 1.65 1.85 1.15 3.20 3.00 1.80 3.20 1.62 1.88
ECU 14:00 927 3 AUCAS 1.80 3.40 3.35 DEPOR CUENCA 1.18 1.17 1.69 2.25 2.15 3.75 2.10 2.45 3.45 2.75 4.75 21.00 13.00 5.25 14.00 32.00 7.75 5.50 4.25 1.06 2.10 1.48 1.35 2.25 4.25 1.75 2.25 1.45 2.15
ESP 14:00 213 1 SEVILLA 1.48 4.00 5.25 ALAVES 1.08 1.15 2.27 1.95 2.30 5.40 1.78 2.70 5.10 2.20 4.25 20.00 15.00 6.25 16.00 40.00 12.00 9.25 4.50 1.08 2.15 1.45 1.40 2.30 4.50 1.90 2.30 1.55 1.95
FRA 14:00 238 1 ANGERS 7.00 4.30 1.32 LILLE 2.66 1.11 1.01 6.75 2.25 1.78 6.50 2.70 1.60 12.50 16.00 50.00 19.00 6.50 17.00 21.00 3.90 1.95 3.50 1.15 1.85 1.65 1.25 2.85 3.50 1.78 2.85 1.92 1.58
FRA 14:00 239 1 BREST 8.50 5.75 1.18 PARIS ST. GERMAIN 3.43 1.04 - 7.00 2.80 1.55 6.75 3.35 1.42 13.00 18.00 50.00 20.00 7.75 18.00 20.00 4.00 1.60 6.25 1.01 2.85 1.25 1.68 1.82 6.25 2.05 1.80 1.58 1.92
FRA 14:00 240 1 ESTRASBURGO 2.45 2.08 4.10 LORIENT 1.12 1.53 1.38 3.20 1.58 4.80 2.75 1.80 4.25 5.25 4.75 25.00 14.00 2.60 14.00 25.00 7.50 9.00 2.85 1.25 1.42 2.25 1.12 3.90 2.85 1.68 3.90 1.65 1.85
FRA 14:00 237 1 LENS 4.40 3.90 1.55 MONACO 2.07 1.15 1.11 4.60 2.25 2.02 4.40 2.60 1.85 7.50 10.50 40.00 16.00 6.00 15.00 21.00 4.40 2.35 4.50 1.08 2.15 1.45 1.38 2.35 4.50 1.80 2.35 1.52 2.00
FRA 14:00 236 1 LYON 1.15 5.90 9.75 NIZA - 1.03 3.68 1.50 2.80 7.75 1.38 3.40 7.50 1.58 4.10 18.00 20.00 9.75 22.00 50.00 23.00 16.00 5.75 1.02 2.70 1.28 1.65 1.85 5.75 2.05 1.85 1.65 1.85
FRA 14:00 235 1 METZ 3.10 3.20 2.02 MARSELLA 1.57 1.22 1.24 3.60 2.10 2.55 3.30 2.40 2.35 5.00 7.25 28.00 14.00 5.25 14.00 25.00 5.25 3.20 3.50 1.15 1.92 1.58 1.28 2.70 3.50 1.85 2.70 1.55 1.95
FRA 14:00 250 1 NANTES 1.43 4.20 5.10 MONTPELLIER 1.07 1.12 2.30 1.95 2.30 4.90 1.78 2.70 4.60 2.20 4.40 19.00 15.00 6.50 16.00 40.00 11.50 8.25 4.50 1.08 2.15 1.45 1.38 2.35 4.50 1.80 2.35 1.58 1.92
FRA 14:00 234 1 REIMS 2.40 2.65 3.00 BORDEAUX 1.26 1.33 1.41 3.15 1.80 3.70 2.80 2.05 3.30 4.25 5.50 25.00 15.00 3.60 15.00 25.00 6.50 5.25 2.70 1.28 1.48 2.10 1.12 3.90 2.70 1.75 3.90 1.78 1.72
FRA 14:00 232 1 RENNES 1.28 4.75 7.00 NIMES 1.01 1.08 2.83 1.75 2.40 6.25 1.58 2.85 6.00 1.90 4.10 19.00 17.00 7.25 18.00 50.00 15.00 11.50 4.50 1.08 2.25 1.42 1.38 2.35 4.50 1.80 2.35 1.70 1.80
FRA 14:00 231 1 ST. ETIENNE 1.28 4.70 7.00 DIJON 1.01 1.08 2.81 1.72 2.40 6.50 1.57 2.85 6.25 1.85 4.00 20.00 18.00 7.25 20.00 50.00 16.00 12.50 4.50 1.08 2.15 1.45 1.40 2.30 4.50 1.85 2.30 1.72 1.78
POC 14:30 1308 1 BRAGA 3.60 3.10 2.08 BENFICA 1.67 1.32 1.24 4.00 1.92 2.65 3.70 2.20 2.35 6.25 7.50 28.00 14.00 4.00 14.00 25.00 4.90 3.50 3.50 1.15 1.72 1.88 1.28 2.70 3.50 1.85 2.70 1.52 2.00
VEN 15:00 929 3 YARACUYANOS 2.40 2.70 2.40 ARAGUA 1.27 1.20 1.27 3.10 1.85 3.10 2.80 2.15 2.80 4.25 5.75 25.00 14.00 4.00 14.00 25.00 5.75 4.25 3.20 1.15 1.60 1.75 1.18 3.00 3.20 1.65 3.00 1.60 1.90
URU 15:15 930 3 M. WANDERERS 1.85 3.20 3.30 DEPORTIVO MALDONADO 1.17 1.19 1.62 2.40 2.00 3.75 2.20 2.30 3.50 2.90 4.75 23.00 14.00 4.75 14.00 28.00 7.50 5.50 3.20 1.15 1.75 1.75 1.20 2.85 3.20 1.70 2.85 1.62 1.88
PER 15:30 388 1 DEPOR. CANTOLAO 3.60 3.00 1.95 AYACUCHO FC 1.64 1.26 1.18 4.40 1.95 2.65 3.75 2.10 2.25 6.50 8.25 30.00 16.00 4.40 16.00 25.00 4.90 3.35 2.80 1.32 1.55 2.10 1.15 4.10 2.80 1.72 4.10 1.82 1.68
PER 15:30 389 1 MELGAR 2.90 3.10 2.20 CIENCIANO 1.50 1.25 1.29 3.60 2.00 2.90 3.15 2.15 2.50 5.00 7.00 30.00 15.00 4.75 15.00 25.00 5.50 3.75 3.20 1.25 1.65 1.93 1.20 3.60 3.20 1.70 3.60 1.68 1.82
PER 15:30 391 1 U. SAN MARTIN 2.15 3.20 2.90 DEPOR MUNICIPAL 1.29 1.23 1.52 2.80 2.05 3.60 2.45 2.25 3.10 3.60 5.50 25.00 15.00 5.00 15.00 30.00 7.25 5.00 3.40 1.22 1.75 1.82 1.25 3.20 3.40 1.75 3.20 1.62 1.88
PER 15:30 394 1 UNIVERSITARIO 2.45 3.20 2.45 CARLOS MANNUCCI 1.39 1.23 1.39 3.10 2.08 3.10 2.70 2.25 2.70 4.25 6.25 28.00 15.00 5.00 15.00 28.00 6.25 4.25 3.40 1.22 1.78 1.78 1.28 3.00 3.40 1.80 3.00 1.58 1.92
USA 15:30 1681 1 SEATTLE 1.60 3.40 4.70 ATLANTA UTD 1.09 1.19 1.97 2.20 2.02 4.90 1.98 2.35 4.60 2.65 4.25 23.00 15.00 4.50 16.00 40.00 9.75 8.50 3.90 1.12 1.90 1.60 1.32 2.50 3.90 1.85 2.50 1.55 1.95
ECU 16:30 933 3 DELFIN 2.60 3.05 2.30 LDU QUITO 1.40 1.22 1.31 3.20 2.00 2.70 2.95 2.30 2.50 4.40 6.25 28.00 13.00 4.60 13.00 25.00 5.25 3.50 3.75 1.10 1.78 1.72 1.25 2.60 3.75 1.68 2.60 1.48 2.10
PAR 16:45 934 3 OLIMPIA ASUNCION 1.45 3.50 5.50 SPORTIVO LUQUENO 1.03 1.15 2.14 1.90 2.10 5.50 1.75 2.45 5.25 2.15 3.90 22.00 15.00 5.00 17.00 38.00 11.50 9.75 3.75 1.10 1.90 1.60 1.28 2.50 3.75 1.72 2.50 1.65 1.85
CHI2 17:00 935 3 DEPORTES PUERTO MONTT 2.25 3.15 2.55 U. DE CONCEPCION 1.31 1.20 1.41 2.80 2.00 3.10 2.55 2.25 2.85 3.75 5.50 25.00 13.00 4.90 14.00 28.00 6.25 4.25 3.20 1.15 1.78 1.72 1.20 2.85 3.20 1.85 2.85 1.58 1.92
USA 18:00 1682 1 DC UNITED 2.60 3.10 2.35 PHILADELPHIA 1.41 1.23 1.34 3.15 2.02 2.95 2.90 2.30 2.70 4.25 6.25 28.00 14.00 4.60 14.00 25.00 5.75 4.00 3.50 1.15 1.80 1.70 1.25 2.85 3.50 1.78 2.85 1.55 1.95
VEN 18:00 936 3 METROPOLITANOS 2.25 3.00 2.35 UCV FC 1.29 1.15 1.32 2.90 2.00 3.00 2.65 2.30 2.75 3.75 5.75 25.00 13.00 4.75 13.00 25.00 6.00 4.00 3.50 1.12 1.75 1.60 1.22 2.75 3.50 1.65 2.75 1.52 2.00
ECU 19:00 937 3 BARCELONA GUA 1.20 4.80 9.50 OLMEDO - 1.07 3.19 1.65 2.35 7.00 1.50 2.75 6.75 1.75 3.75 20.00 17.00 7.25 19.00 50.00 17.00 12.50 3.75 1.10 1.88 1.62 1.25 2.60 3.75 1.68 2.60 1.95 1.55
MEXP 19:00 940 1 PUEBLA 2.70 2.90 2.45 SANTOS LAGUNA 1.40 1.28 1.33 3.35 1.88 3.10 3.05 2.15 2.80 4.60 6.25 25.00 15.00 4.10 15.00 25.00 5.75 4.10 3.00 1.22 1.52 2.00 1.15 3.50 3.00 1.72 3.50 1.68 1.82
PAR 19:00 941 3 NACIONAL ASUNCION 1.65 3.20 4.25 RIVER PLATE (PAR) 1.09 1.19 1.83 2.20 2.00 4.60 1.95 2.30 4.25 2.55 4.25 22.00 14.00 4.60 15.00 38.00 9.25 7.50 3.20 1.15 1.75 1.75 1.20 2.85 3.20 1.70 2.85 1.68 1.82
CHI 19:30 942 3 UNIV. DE CHILE 1.82 3.05 3.60 EVERTON DE VINA 1.14 1.21 1.65 2.30 2.00 4.10 2.10 2.25 3.75 2.80 4.60 22.00 14.00 4.90 14.00 32.00 8.25 6.00 3.00 1.18 1.58 1.92 1.15 3.20 3.00 1.80 3.20 1.72 1.78
USA 20:00 1683 1 NASHVILLE SC 1.65 3.35 4.40 AUSTIN FC 1.11 1.20 1.90 2.15 2.08 4.90 1.95 2.40 4.60 2.50 4.25 23.00 15.00 5.00 16.00 40.00 10.00 8.25 3.90 1.12 1.72 1.78 1.28 2.70 3.90 1.75 2.70 1.62 1.88
EN VIVOV
TORNEO
HORA
COD.
MÍNIMO
POS.
POS.1
4
TE APUESTO www.teapuesto.com.pe
PRIMER SEGUNDO GOL 
OPCIÓN DOBLE PRIMER TIEMPO Y RESULTADO FINAL MENOS / MÁS GOLES RANGO DE GOL
TIEMPO TIEMPO NO GOL
LOCAL VISITA
L E V
- 1.5 + 1.5 - 2.5 + 2.5 - 3.5 + 3.5
0-1 2-3 4+
LoE LoV EoV L E V L E V L/L E/L V/L L/E E/E V/E L/V E/V V/V 10(-) 20(+) 10(-) 30(+) 30(-) 40(+) A NA
LUNES 24 DE MAYO - PROGRAMA 2173
DK3A 06:00 945 3 HOLSTEBRO 6.25 4.30 1.30 AARHUS FREMAD 2.55 1.08 - 6.25 2.30 1.70 6.00 2.75 1.55 - - - - - - - - - 4.60 1.04 2.15 1.45 1.40 2.15 4.60 1.75 2.15 1.65 1.85
DK3B 06:00 946 3 AB GLADSAXE 1.85 3.20 3.45 ROSKILDE 1.17 1.20 1.66 2.40 1.95 4.00 2.20 2.20 3.75 - - - - - - - - - 3.00 1.18 1.78 1.72 1.15 3.20 3.00 1.65 3.20 1.68 1.82
DK3B 06:00 947 3 NAESTVED 3.80 3.45 1.68 NYKOBING 1.81 1.16 1.13 4.10 2.10 2.15 3.90 2.40 1.95 - - - - - - - - - 4.00 1.08 1.92 1.58 1.28 2.50 4.00 1.68 2.50 1.55 1.95
DK3B 06:00 948 3 SLAGELSE 1.72 3.15 4.00 AVARTA 1.11 1.20 1.76 2.30 1.95 4.25 2.05 2.25 4.00 - - - - - - - - - 3.20 1.15 1.65 1.85 1.18 3.00 3.20 1.65 3.00 1.68 1.82
DK3A 06:30 949 3 HOLBAEK 4.00 3.60 1.62 THISTED 1.89 1.15 1.12 4.10 2.20 2.05 3.90 2.55 1.90 - - - - - - - - - 4.60 1.04 2.15 1.45 1.40 2.15 4.60 1.75 2.15 1.45 2.15
DK3A 06:30 950 3 VSK ARHUS 1.72 3.40 3.70 NAESBY 1.14 1.17 1.77 2.20 2.10 4.00 2.00 2.40 3.75 - - - - - - - - - 4.00 1.08 1.92 1.58 1.28 2.50 4.00 1.68 2.50 1.52 2.00
DEN 07:00 953 3 ODENSE 1.50 3.90 4.90 HORSENS 1.08 1.15 2.17 1.95 2.20 5.40 1.75 2.60 5.10 2.20 4.10 20.00 15.00 6.25 16.00 40.00 12.00 9.25 3.90 1.12 1.88 1.62 1.28 2.70 3.90 1.75 2.70 1.72 1.78
DEN 07:00 954 3 SONDERJYSKE 2.60 3.15 2.35 AALBORG 1.42 1.23 1.35 3.20 2.02 2.90 2.90 2.30 2.65 4.25 6.25 28.00 14.00 4.75 14.00 25.00 5.75 3.90 3.50 1.15 1.80 1.70 1.25 2.85 3.50 1.78 2.85 1.55 1.95
DEN 07:00 955 3 VEJLE 1.90 3.45 3.20 LYNGBY 1.23 1.19 1.66 2.40 2.25 3.50 2.20 2.55 3.25 2.95 5.25 21.00 14.00 6.25 14.00 28.00 7.75 5.00 4.50 1.08 2.05 1.50 1.38 2.35 4.50 1.80 2.35 1.45 2.15
DK3A 07:00 956 3 BRABRAND IF 2.30 3.15 2.50 FREM 1.33 1.20 1.39 2.85 2.00 3.05 2.60 2.30 2.80 - - - - - - - - - 3.50 1.12 1.85 1.65 1.22 2.75 3.50 1.65 2.75 1.52 2.00
DK3B 07:00 957 3 AB TAARNBY 4.40 3.50 1.55 FA 2000 1.95 1.15 1.07 4.40 2.10 2.10 4.10 2.40 1.90 - - - - - - - - - 4.00 1.08 1.92 1.58 1.28 2.50 4.00 1.68 2.50 1.55 1.95
DK3B 08:00 962 3 SKOVSHOVED IF 2.10 3.30 2.70 BRONSHOJ 1.28 1.18 1.49 2.60 2.10 3.15 2.40 2.40 2.90 - - - - - - - - - 4.00 1.08 2.00 1.52 1.32 2.35 4.00 1.75 2.35 1.45 2.15
NOR 08:00 964 3 ODDS BK 1.78 3.30 3.75 SARPSBORG 1.16 1.21 1.76 2.35 2.05 4.30 2.12 2.35 4.00 2.80 4.60 23.00 14.00 5.00 15.00 32.00 8.75 6.75 3.30 1.18 1.72 1.78 1.22 3.00 3.30 1.78 3.00 1.65 1.85
DEN 10:00 972 3 BRONDBY 1.30 4.60 6.75 NORDSJAELLAND 1.01 1.09 2.74 1.78 2.40 5.75 1.62 2.85 5.50 2.00 4.25 18.00 16.00 7.25 17.00 40.00 14.00 10.50 4.75 1.06 2.25 1.42 1.42 2.25 4.75 1.85 2.25 1.60 1.90
DEN 10:00 973 3 MIDTJYLLAND 1.47 3.90 5.10 AARHUS 1.07 1.14 2.21 1.98 2.25 5.00 1.80 2.65 4.70 2.25 4.25 20.00 15.00 6.25 16.00 40.00 11.50 8.25 4.00 1.10 1.95 1.55 1.32 2.50 4.00 1.80 2.50 1.62 1.88
DEN 10:00 974 3 RANDERS 4.70 3.90 1.50 FC COPENHAGEN 2.13 1.14 1.08 4.80 2.30 1.98 4.60 2.65 1.80 8.00 11.00 40.00 16.00 6.25 15.00 20.00 4.40 2.25 4.50 1.08 2.10 1.48 1.38 2.35 4.50 1.80 2.35 1.55 1.95
NOR 11:00 982 3 BRANN 4.10 3.80 1.60 BODO GLIMT 1.97 1.15 1.13 4.20 2.30 2.10 3.90 2.65 1.92 6.75 9.50 38.00 15.00 6.00 15.00 20.00 4.60 2.50 5.00 1.05 2.35 1.38 1.50 2.05 5.00 1.95 2.05 1.40 2.30
NOR 11:00 983 2 HAUGESUND 2.00 3.20 3.15 STABAEK 1.23 1.22 1.59 2.60 2.02 3.75 2.35 2.30 3.45 3.25 5.00 25.00 14.00 4.90 14.00 28.00 7.25 5.25 3.30 1.18 1.68 1.82 1.20 3.10 3.30 1.75 3.10 1.65 1.85
NOR 11:00 984 3 KRISTIANSUND 1.75 3.50 3.60 STROMSGODSET 1.17 1.18 1.77 2.25 2.25 4.00 2.05 2.55 3.70 2.70 4.75 21.00 14.00 5.75 15.00 32.00 8.75 6.25 4.50 1.08 2.15 1.45 1.42 2.25 4.50 1.85 2.25 1.42 2.25
NOR 11:00 985 2 LILLESTROM 2.45 3.45 2.30 VIKINGO 1.43 1.19 1.38 2.95 2.18 2.85 2.75 2.50 2.60 3.90 6.25 28.00 14.00 5.50 14.00 25.00 6.00 3.75 4.00 1.10 2.05 1.50 1.35 2.45 4.00 1.85 2.45 1.42 2.25
NOR 11:00 986 3 MJONDALEN 3.90 3.40 1.75 VALERENGA 1.82 1.21 1.16 4.20 2.05 2.40 3.80 2.35 2.15 6.25 8.50 32.00 15.00 5.00 14.00 23.00 4.75 2.90 3.30 1.18 1.72 1.78 1.22 3.00 3.30 1.78 3.00 1.65 1.85
NOR 11:00 987 3 TROMSO 1.60 3.50 4.50 SANDEFJORD 1.10 1.18 1.97 2.25 2.08 4.40 2.05 2.40 4.10 2.70 4.60 23.00 14.00 5.25 15.00 32.00 9.00 6.75 3.50 1.15 1.82 1.68 1.25 2.85 3.50 1.78 2.85 1.62 1.88
SUE 11:30 989 2 ELFSBURGO 2.45 3.25 2.45 NORRKOPING 1.40 1.23 1.40 2.80 2.10 3.15 2.60 2.40 2.90 3.75 5.75 25.00 14.00 4.90 14.00 28.00 6.50 4.40 4.00 1.10 1.92 1.58 1.38 2.35 4.00 1.90 2.35 1.42 2.25
SUE 11:30 990 3 OREBRO 5.90 4.30 1.37 MALMO 2.49 1.11 1.04 4.70 2.20 2.08 4.40 2.55 1.88 7.50 10.50 40.00 16.00 5.75 15.00 22.00 4.40 2.40 3.90 1.12 2.15 1.45 1.30 2.60 3.90 1.78 2.60 1.60 1.90
SUE2 11:30 991 3 TRELLEBURGO 1.98 3.05 3.15 VASTERAS SK 1.20 1.22 1.55 2.55 1.90 3.75 2.30 2.20 3.40 3.25 4.90 25.00 14.00 4.50 14.00 28.00 7.25 5.50 3.00 1.18 1.62 1.88 1.15 3.20 3.00 1.80 3.20 1.68 1.82
SUE2 11:30 992 3 VARNAMO 2.10 3.00 2.95 AKROPOLIS 1.24 1.23 1.49 2.85 1.90 3.35 2.60 2.15 3.05 3.75 5.50 25.00 14.00 4.40 14.00 28.00 6.25 4.50 2.75 1.22 1.58 1.92 1.12 3.50 2.75 1.80 3.50 1.72 1.78
ISR 12:15 1000 3 HAPOEL BNEI SAKHNIN 2.30 3.05 2.60 HAPOEL TEL AVIV 1.31 1.22 1.40 2.90 1.90 3.20 2.65 2.20 2.95 3.75 5.50 25.00 14.00 4.60 14.00 28.00 6.00 4.10 2.60 1.25 1.52 2.00 1.08 4.00 2.60 1.62 4.00 1.82 1.68
NOR 13:00 1001 2 ROSENBURGO 2.08 3.20 3.00 MOLDE 1.26 1.23 1.55 2.60 2.08 3.50 2.40 2.35 3.25 3.35 5.25 25.00 14.00 4.90 14.00 28.00 7.00 5.00 3.90 1.12 1.90 1.60 1.30 2.60 3.90 1.78 2.60 1.48 2.10
URU 13:00 1002 3 RIVER PLATE (URU) 2.50 3.10 2.25 LIVERPOOL M. 1.38 1.18 1.30 3.05 2.00 2.80 2.80 2.30 2.60 4.10 6.00 28.00 13.00 4.75 13.00 25.00 5.50 3.60 3.75 1.10 1.85 1.65 1.25 2.60 3.75 1.68 2.60 1.52 2.00
URU 15:15 1025 3 INSTITUCION ATLETICA SUD AMER 2.15 3.10 2.75 VILLA ESPANOLA 1.27 1.21 1.46 2.75 1.95 3.35 2.50 2.20 3.05 3.45 5.25 25.00 14.00 4.60 14.00 28.00 6.50 4.50 3.00 1.18 1.65 1.85 1.15 3.20 3.00 1.65 3.20 1.65 1.85
ECU 19:00 1027 3 DEPOR MACARA 2.08 3.15 2.85 TECNICO UNIVERSITARIO 1.25 1.20 1.50 2.45 1.90 4.00 2.25 2.15 3.75 3.00 4.60 25.00 14.00 4.40 14.00 28.00 7.75 5.75 2.75 1.22 1.55 1.95 1.12 3.50 2.75 1.65 3.50 1.80 1.70
MARTES 25 DE MAYO - PROGRAMA 2174
SRBC 12:00 1663 1 ESTRELLA ROJA 2.18 3.00 2.95 PARTIZAN BELGRADE 1.26 1.25 1.49 2.85 1.90 3.60 2.60 2.18 3.30 3.60 5.25 25.00 15.00 4.40 15.00 28.00 6.75 5.00 2.85 1.25 1.52 2.00 1.12 3.90 2.85 1.68 3.90 1.78 1.72
MIÉRCOLES 26 DE MAYO - PROGRAMA 2175
LDE 14:00 280 1 VILLARREAL 4.50 3.40 1.77 MANCHESTER UTD 1.94 1.27 1.16 5.10 2.00 2.30 4.75 2.30 2.05 8.00 9.75 40.00 16.00 4.60 15.00 23.00 4.25 2.70 3.00 1.22 1.70 2.02 1.18 3.30 3.00 1.85 3.30 1.82 1.68
JUEVES 27 DE MAYO - PROGRAMA 2176
PE2 20:00 1044 3 ATLETICO GRAU 1.85 3.20 3.40 DEPOR COOPSOL 1.17 1.20 1.65 - - - - - - - - - - - - - - - - - 1.75 1.75 - - - - - - -
PE2 20:00 1045 3 COMERCIANTES UNIDOS 5.50 3.75 1.40 JUAN AURICH 2.23 1.12 1.02 - - - - - - - - - - - - - - - - - 1.85 1.65 - - - - - - -
PE2 20:00 1046 3 CULTURAL SANTA ROSA 3.75 3.30 1.70 FC CARLOS STEIN 1.76 1.17 1.12 - - - - - - - - - - - - - - - - - 1.85 1.65 - - - - - - -
PE2 20:00 1047 3 DEPORTIVO LLACUABAMBA 3.75 3.30 1.70 UNION HUARAL 1.76 1.17 1.12 - - - - - - - - - - - - - - - - - 1.85 1.65 - - - - - - -
PE2 20:00 1048 3 MOLINOS EL PIRATA 2.75 3.10 2.10 UNION COMERCIO 1.46 1.19 1.25 - - - - - - - - - - - - - - - - - 1.80 1.70 - - - - - - -
PE2 20:00 1049 3 SANTOS FC ICA 3.75 3.50 1.65 SPORT CHAVELINES 1.81 1.15 1.12 - - - - - - - - - - - - - - - - - 1.85 1.65 - - - - - - -
SÁBADO 29 DE MAYO - PROGRAMA 2178
CEU 14:00 200 1 MANCHESTER CITY 1.93 3.25 3.95 CHELSEA 1.21 1.30 1.78 2.45 1.98 4.40 2.25 2.30 4.10 3.05 4.75 23.00 15.00 4.90 16.00 35.00 8.75 6.75 3.00 1.28 1.60 2.20 1.20 3.60 3.00 1.75 3.60 1.90 1.80
DOMINGO 30 DE MAYO - PROGRAMA 2179
SUEC 07:30 1664 1 HAMMARBY 2.15 3.30 2.75 HACKEN 1.30 1.21 1.50 2.70 2.12 3.25 2.45 2.40 3.00 3.45 5.50 25.00 14.00 5.25 14.00 28.00 6.75 4.60 4.00 1.10 1.95 1.55 1.32 2.50 4.00 1.80 2.50 1.45 2.15
JUEVES 03 DE JUNIO - PROGRAMA 2183
ELI 14:00 262 1 ARGENTINA 1.58 3.40 4.50 CHILE 1.08 1.17 1.94 2.18 2.08 5.10 1.98 2.40 4.75 2.50 4.25 23.00 15.00 5.25 16.00 40.00 10.50 8.00 3.10 1.20 1.65 1.85 1.18 3.30 3.10 1.80 3.30 1.82 1.68
ELI 14:00 263 1 URUGUAY 1.62 3.30 4.30 PARAGUAY 1.09 1.18 1.87 2.30 2.05 4.90 2.05 2.35 4.60 2.60 4.40 23.00 15.00 5.00 16.00 40.00 9.75 7.50 3.00 1.22 1.60 1.90 1.15 3.50 3.00 1.78 3.50 1.85 1.65
ELI 14:00 264 1 BRASIL 1.22 4.75 8.50 ECUADOR - 1.07 3.05 1.75 2.35 7.25 1.58 2.80 7.00 1.85 3.90 21.00 18.00 6.75 20.00 50.00 17.00 13.00 3.90 1.12 1.95 1.55 1.30 2.60 3.90 1.85 2.60 1.90 1.60
ELI 14:00 265 1 BOLIVIA 1.95 3.05 3.30 VENEZUELA 1.19 1.23 1.59 2.55 2.00 4.25 2.30 2.30 3.90 3.05 4.75 23.00 14.00 4.75 15.00 32.00 8.00 6.00 2.70 1.28 1.52 2.00 1.12 3.90 2.70 1.80 3.90 1.85 1.65
ELI 21:00 266 1 PERÚ 2.80 2.80 2.30 COLOMBIA 1.40 1.26 1.26 3.60 1.95 3.00 3.25 2.25 2.70 4.75 6.50 28.00 14.00 4.50 14.00 25.00 5.50 3.75 2.85 1.25 1.52 2.00 1.12 3.90 2.85 1.75 3.90 1.78 1.72
MARTES 08 DE JUNIO - PROGRAMA 2188
ELI 14:00 267 1 ECUADOR 1.47 4.00 4.50 PERÚ 1.07 1.11 2.12 2.02 2.30 4.90 1.85 2.70 4.60 2.25 4.40 20.00 15.00 6.75 16.00 40.00 11.00 7.75 3.90 1.12 1.90 1.60 1.28 2.70 3.90 1.80 2.70 1.68 1.82
VIERNES 11 DE JUNIO - PROGRAMA 2191
EUR 14:00 331 1 TURQUIA 6.75 3.80 1.50 ITALIA 2.43 1.23 1.08 6.50 2.05 1.98 6.25 2.45 1.81 11.50 14.00 40.00 18.00 5.25 17.00 23.00 4.10 2.30 3.20 1.25 1.70 2.02 1.20 3.60 3.20 1.70 3.60 2.10 1.65
SÁBADO 12 DE JUNIO - PROGRAMA 2192
EUR 08:00 332 1 GALES 3.35 3.15 2.18 SUIZA 1.62 1.32 1.29 4.00 1.85 2.75 3.75 2.18 2.55 6.00 7.50 30.00 16.00 4.40 16.00 25.00 5.25 3.60 2.70 1.35 1.55 2.30 1.12 4.50 2.70 1.70 4.50 2.00 1.72
EUR 11:00 333 1 DINAMARCA 1.50 3.90 6.25 FINLANDIA 1.08 1.21 2.40 1.98 2.08 6.00 1.85 2.50 5.75 2.35 4.10 23.00 17.00 5.50 18.00 40.00 13.00 10.50 3.20 1.25 1.75 1.95 1.22 3.40 3.20 1.75 3.40 2.02 1.70
EUR 14:00 334 1 BELGICA 1.65 3.70 4.90 RUSIA 1.14 1.23 2.11 2.10 2.08 5.10 1.95 2.50 4.90 2.50 4.40 23.00 16.00 5.50 17.00 40.00 11.00 8.50 3.40 1.22 1.80 1.90 1.25 3.20 3.40 1.75 3.20 1.90 1.80
CAM 17:00 381 1 PARAGUAY 1.55 3.50 5.50 BOLIVIA 1.07 1.21 2.14 2.15 2.08 6.00 1.80 2.30 5.25 2.50 4.25 23.00 17.00 5.00 18.00 40.00 12.00 10.00 3.00 1.28 1.70 1.88 1.20 3.60 3.00 1.75 3.60 1.90 1.60
DOMINGO 13 DE JUNIO - PROGRAMA 2193
EUR 08:00 335 1 INGLATERRA 1.75 3.50 4.50 CROACIA 1.17 1.26 1.97 2.35 1.98 4.60 2.18 2.35 4.30 2.90 4.60 23.00 15.00 4.90 16.00 35.00 9.25 7.25 3.20 1.25 1.70 2.02 1.20 3.60 3.20 1.70 3.60 1.87 1.83
EUR 11:00 336 1 AUSTRIA 1.53 3.80 6.25 MACEDONIA DEL NORTE 1.09 1.23 2.36 1.98 2.02 6.75 1.82 2.40 6.25 2.35 4.00 23.00 17.00 5.25 18.00 40.00 14.00 11.50 2.80 1.32 1.65 2.10 1.15 4.10 2.80 1.72 4.10 2.30 1.55
EUR 14:00 337 1 HOLANDA 1.57 3.80 5.50 UCRANIA 1.11 1.22 2.25 2.05 2.08 5.60 1.88 2.45 5.40 2.40 4.25 23.00 16.00 5.50 18.00 40.00 12.00 9.75 3.20 1.25 1.75 1.95 1.22 3.40 3.20 1.75 3.40 2.02 1.70
CAM 16:00 379 1 ARGENTINA 1.60 3.50 5.00 CHILE 1.10 1.21 2.06 2.18 2.08 5.50 1.85 2.30 4.75 2.55 4.40 23.00 16.00 5.25 17.00 40.00 11.00 9.00 3.20 1.25 1.75 1.82 1.22 3.40 3.20 1.75 3.40 1.82 1.68
LUNES 14 DE JUNIO - PROGRAMA 2194
EUR 08:00 338 1 ESCOCIA 3.05 3.05 2.38 REPUBLICA CHECA 1.53 1.34 1.34 3.70 1.85 3.00 3.45 2.15 2.75 5.25 7.00 30.00 15.00 4.10 15.00 25.00 5.50 4.10 2.70 1.35 1.55 2.30 1.15 4.10 2.70 1.78 4.10 1.93 1.77
EUR 11:00 339 1 POLONIA 1.80 3.35 4.40 ESLOVAQUIA 1.17 1.28 1.90 2.30 1.95 4.90 2.12 2.30 4.60 2.80 4.50 23.00 15.00 5.00 16.00 40.00 10.00 7.75 2.80 1.32 1.62 2.15 1.15 4.10 2.80 1.72 4.10 2.02 1.70
EUR 14:00 340 1 ESPANA 1.40 4.40 7.00 SUECIA 1.06 1.17 2.70 1.78 2.30 6.75 1.65 2.75 6.50 2.05 4.10 21.00 17.00 7.00 19.00 40.00 16.00 12.50 3.75 1.18 1.93 1.77 1.30 2.90 3.75 1.75 2.90 2.00 1.72
CAM 18:00 383 1 BRASIL 1.20 5.50 9.50 VENEZUELA - 1.07 3.48 1.63 2.55 8.50 1.42 2.90 7.75 1.75 4.00 21.00 20.00 8.75 22.00 55.00 22.00 17.00 3.75 1.18 1.93 1.65 1.32 2.80 3.75 1.80 2.80 2.15 1.45
CAM 21:00 382 1 COLOMBIA 1.40 4.00 6.75 ECUADOR 1.04 1.16 2.51 1.95 2.18 7.00 1.65 2.40 6.25 2.20 4.10 21.00 17.00 6.00 19.00 40.00 15.00 12.00 3.00 1.28 1.65 1.93 1.20 3.60 3.00 1.75 3.60 2.05 1.50
MARTES 15 DE JUNIO - PROGRAMA 2195
EUR 11:00 341 1 HUNGRIA 5.00 3.65 1.65 PORTUGAL 2.11 1.24 1.14 5.50 2.02 2.12 5.25 2.40 1.95 9.50 11.50 40.00 18.00 4.90 17.00 23.00 4.25 2.55 3.20 1.25 1.80 1.90 1.25 3.20 3.20 1.80 3.20 1.90 1.80
EUR 14:00 342 1 FRANCIA 2.70 3.20 2.50 ALEMANIA 1.46 1.30 1.40 3.35 1.90 3.05 3.15 2.25 2.85 4.75 6.50 30.00 15.00 4.40 15.00 25.00 5.75 4.25 3.00 1.28 1.68 2.05 1.20 3.60 3.00 1.75 3.60 1.80 1.90
MIÉRCOLES 16 DE JUNIO - PROGRAMA 2196
EUR 08:00 343 1 FINLANDIA 5.30 3.60 1.63 RUSIA 2.14 1.25 1.12 5.75 2.00 2.10 5.40 2.40 1.92 9.75 12.00 40.00 18.00 5.00 17.00 23.00 4.25 2.50 3.00 1.28 1.68 2.05 1.20 3.60 3.00 1.75 3.60 2.02 1.70
EUR 11:00 344 1 TURQUIA 2.22 3.10 3.25 GALES 1.29 1.32 1.59 2.85 1.92 3.60 2.65 2.25 3.35 3.75 5.50 25.00 15.00 4.60 15.00 30.00 7.00 5.25 3.20 1.25 1.65 2.10 1.20 3.60 3.20 1.70 3.60 1.80 1.90
EUR 14:00 345 1 ITALIA 1.68 3.45 5.00 SUIZA 1.13 1.26 2.04 2.35 1.95 4.80 2.15 2.30 4.50 2.90 4.60 23.00 16.00 4.75 16.00 35.00 9.75 7.75 2.90 1.30 1.65 2.10 1.18 3.75 2.90 1.75 3.75 1.95 1.75
JUEVES 17 DE JUNIO - PROGRAMA 2197
EUR 08:00 346 1 UCRANIA 1.60 3.60 5.75 MACEDONIA DEL NORTE 1.11 1.25 2.21 2.10 1.98 5.75 1.95 2.35 5.50 2.50 4.25 23.00 17.00 5.25 18.00 40.00 12.00 9.75 2.80 1.32 1.65 2.10 1.15 4.10 2.80 1.72 4.10 2.20 1.60
EUR 11:00 347 1 DINAMARCA 4.10 3.55 1.81 BELGICA 1.90 1.26 1.20 4.25 2.02 2.40 4.00 2.40 2.20 6.75 8.75 35.00 16.00 4.90 15.00 23.00 4.90 3.05 3.60 1.20 2.00 1.72 1.28 3.00 3.60 1.75 3.00 1.70 2.02
EUR 14:00 348 1 HOLANDA 1.48 4.10 6.25 AUSTRIA 1.09 1.20 2.48 1.90 2.20 5.90 1.75 2.65 5.75 2.25 4.25 21.00 16.00 6.25 18.00 40.00 14.00 10.50 3.75 1.18 1.93 1.77 1.30 2.90 3.75 1.75 2.90 1.90 1.80
VIERNES 18 DE JUNIO - PROGRAMA 2198
EUR 08:00 349 1 SUECIA 1.75 3.35 4.80 ESLOVAQUIA 1.15 1.28 1.97 2.30 1.92 5.10 2.12 2.30 4.75 2.85 4.50 23.00 16.00 4.75 16.00 40.00 10.00 8.00 2.80 1.32 1.60 2.20 1.15 4.10 2.80 1.72 4.10 2.05 1.68
EUR 11:00 350 1 CROACIA 2.00 3.20 3.75 REPUBLICA CHECA 1.23 1.30 1.73 2.55 1.88 4.40 2.35 2.20 4.10 3.30 4.90 25.00 15.00 4.40 16.00 30.00 8.50 6.75 2.80 1.32 1.65 2.10 1.15 4.10 2.80 1.72 4.10 1.95 1.75
EUR 14:00 351 1 INGLATERRA 1.35 4.70 8.00 ESCOCIA 1.05 1.16 2.96 1.75 2.30 7.00 1.63 2.80 6.75 2.00 4.10 21.00 18.00 7.00 19.00 50.00 17.00 13.00 3.75 1.18 1.95 1.75 1.32 2.80 3.75 1.80 2.80 2.02 1.70
SÁBADO 19 DE JUNIO - PROGRAMA 2199
EUR 08:00 352 1 HUNGRIA 6.25 4.20 1.45 FRANCIA 2.51 1.18 1.08 6.00 2.20 1.88 5.90 2.65 1.75 11.50 14.00 40.00 18.00 6.00 17.00 22.00 4.25 2.25 4.10 1.15 2.00 1.72 1.35 2.70 4.10 1.78 2.70 1.83 1.87
EUR 11:00 353 1 PORTUGAL 3.30 3.25 2.15 ALEMANIA 1.64 1.30 1.29 3.75 1.98 2.65 3.50 2.30 2.50 5.75 7.50 30.00 15.00 4.60 15.00 25.00 5.25 3.50 3.40 1.22 1.80 1.90 1.25 3.20 3.40 1.75 3.20 1.72 2.00
EUR 14:00 354 1 ESPANA 1.47 4.20 6.25 POLONIA 1.09 1.19 2.51 1.95 2.15 5.90 1.80 2.55 5.75 2.30 4.10 23.00 17.00 5.75 18.00 40.00 13.00 11.00 3.75 1.18 2.00 1.72 1.32 2.80 3.75 1.80 2.80 1.85 1.85
DOMINGO 20 DE JUNIO - PROGRAMA 2200
EUR 11:00 355 1 ITALIA 1.45 4.00 7.00 GALES 1.06 1.20 2.55 1.88 2.08 7.25 1.72 2.50 7.00 2.20 4.00 21.00 18.00 5.50 19.00 40.00 16.00 14.00 3.20 1.25 1.75 1.95 1.22 3.40 3.20 1.75 3.40 2.15 1.62
EUR 11:00 356 1 SUIZA 2.35 3.25 2.90 TURQUIA 1.36 1.30 1.53 3.00 1.95 3.25 2.80 2.30 3.05 4.10 6.00 25.00 15.00 4.75 15.00 30.00 6.50 4.50 3.00 1.28 1.80 1.90 1.20 3.60 3.00 1.75 3.60 1.80 1.90
LUNES 21 DE JUNIO - PROGRAMA 2201
EUR 11:00 357 1 MACEDONIA DEL NORTE 14.50 5.75 1.19 HOLANDA 4.12 1.10 - 10.00 2.50 1.55 9.75 3.10 1.43 22.00 28.00 55.00 25.00 8.50 22.00 21.00 3.90 1.68 4.10 1.15 2.10 1.65 1.35 2.70 4.10 1.78 2.70 2.35 1.52
EUR 11:00 358 1 UCRANIA 2.55 3.15 2.75 AUSTRIA 1.41 1.32 1.47 2.95 1.92 3.45 2.75 2.25 3.25 4.00 5.75 25.00 15.00 4.50 15.00 30.00 6.75 4.90 3.00 1.28 1.65 2.10 1.18 3.75 3.00 1.72 3.75 1.83 1.87
EUR 14:00 359 1 FINLANDIA 10.00 5.40 1.25 BELGICA 3.51 1.11 1.02 8.00 2.50 1.60 8.00 3.05 1.50 17.00 22.00 55.00 22.00 8.00 20.00 21.00 4.00 1.78 4.50 1.12 2.20 1.60 1.42 2.45 4.50 1.80 2.45 2.05 1.68
EUR 14:00 360 1 RUSIA 3.90 3.30 1.92 DINAMARCA 1.79 1.29 1.21 4.30 1.90 2.55 4.00 2.25 2.35 6.50 8.25 30.00 16.00 4.50 16.00 25.00 4.90 3.30 2.80 1.32 1.62 2.15 1.15 4.10 2.80 1.72 4.10 1.95 1.75
MARTES 22 DE JUNIO - PROGRAMA 2202
EUR 14:00 361 1 CROACIA 1.93 3.25 3.95 ESCOCIA 1.21 1.30 1.78 2.55 1.92 4.20 2.35 2.25 3.90 3.25 5.00 25.00 15.00 4.75 16.00 30.00 8.25 6.25 2.80 1.32 1.60 2.20 1.15 4.10 2.80 1.72 4.10 1.95 1.75
EUR 14:00 362 1 REPUBLICA CHECA 7.00 4.60 1.38 INGLATERRA 2.78 1.15 1.06 6.25 2.40 1.75 6.25 2.90 1.63 12.00 16.00 40.00 18.00 7.25 17.00 20.00 4.25 2.00 4.50 1.12 2.25 1.57 1.45 2.35 4.50 1.90 2.35 1.80 1.90
MIÉRCOLES 23 DE JUNIO - PROGRAMA 2203
EUR 11:00 363 1 ESLOVAQUIA 12.50 6.00 1.20 ESPANA 4.05 1.09 - 8.25 2.50 1.60 8.00 3.05 1.50 17.00 22.00 55.00 22.00 8.00 20.00 21.00 4.00 1.78 4.50 1.12 2.25 1.57 1.45 2.35 4.50 1.90 2.35 2.00 1.72
EUR 11:00 364 1 SUECIA 2.60 3.10 2.65 POLONIA 1.41 1.31 1.43 3.20 1.95 3.10 3.00 2.25 2.90 4.40 6.25 28.00 15.00 4.75 15.00 28.00 6.00 4.25 3.00 1.28 1.65 2.10 1.20 3.60 3.00 1.75 3.60 1.83 1.87
EUR 14:00 365 1 ALEMANIA 1.23 5.75 9.75 HUNGRIA 1.01 1.09 3.62 1.70 2.50 6.25 1.60 3.05 6.00 1.35 4.25 20.00 18.00 8.00 20.00 50.00 17.00 12.00 5.25 1.09 2.55 1.45 1.55 2.15 5.25 1.90 2.15 1.68 2.05
EUR 14:00 366 1 PORTUGAL 3.45 3.15 2.12 FRANCIA 1.65 1.31 1.27 4.10 1.88 2.70 3.80 2.20 2.50 6.00 7.75 30.00 16.00 4.40 16.00 25.00 5.00 3.50 2.80 1.32 1.55 2.30 1.15 4.10 2.80 1.72 4.10 1.93 1.77
EN VIVOV
TORNEO
HORA
COD.
MÍNIMO
POS.
POS.www.teapuesto.com.pe TE APUESTO 5
NUEVAS APUESTAS
ESPECIAL DE GOLES 
POR JUGADORES
ESPECIALES
EC 307 MAN. CITY - PARIS ST GERMAIN, 04/05
EC 308 ARSENAL - VILLARREAL, 06/05
CÓD    SELECCIÓN                    PROB
CÓD    SELECCIÓN                    PROB
301 K. DE BRUYNE ANOTA 1 O MÁS GOLES 2.40
¡ JUEGA POR LOS MEJORES EQUIPOS Y JUGADORES !
301 P. AUBAMEYANG ANOTA 1 O MÁS GOLES 1.90
302 K. DE BRUYNE ANOTA 2 O MÁS GOLES 7.00
302 P. AUBAMEYANG ANOTA 2 O MÁS GOLES 4.75
303 K. DE BRUYNE ANOTA 3 O MÁS GOLES 35.00
304 R. MAHREZ ANOTA 1 O MÁS GOLES 2.75 303 P. AUBAMEYANG ANOTA 3 O MÁS GOLES 15.00
304 N. PEPE ANOTA 1 O MÁS GOLES 2.40
305 R. MAHREZ ANOTA 2 O MÁS GOLES 10.00
305 N. PEPE ANOTA 2 O MÁS GOLES 7.00
306 R. MAHREZ ANOTA 3 O MÁS GOLES 45.00
306 N. PEPE ANOTA 3 O MÁS GOLES 35.00
307 K. MBAPPE ANOTA 1 O MÁS GOLES 2.50
307 B. SAKA ANOTA 1 O MÁS GOLES 3.25
308 K. MBAPPE ANOTA 2 O MÁS GOLES 8.00
308 B. SAKA ANOTA 2 O MÁS GOLES 15.00
309 K. MBAPPE ANOTA 3 O MÁS GOLES 40.00
309 B. SAKA ANOTA 3 O MÁS GOLES 60.00
310 NEYMAR ANOTA 1 O MÁS GOLES 3.00
¡ CUOTAS MEJORADAS !
310 G. MORENO ANOTA 1 O MÁS GOLES 2.75
311 NEYMAR ANOTA 2 O MÁS GOLES 12.00
311 G. MORENO ANOTA 2 O MÁS GOLES 10.00
312 NEYMAR ANOTA 3 O MÁS GOLES 50.00
312 G. MORENO ANOTA 3 O MÁS GOLES 45.00
313 A. DI MARIA ANOTA 1 O MÁS GOLES 4.00
314 A. DI MARIA ANOTA 2 O MÁS GOLES 22.00 313 P. ALCACER ANOTA 1 O MÁS GOLES 3.00
314 P. ALCACER ANOTA 2 O MÁS GOLES 12.00
315 A. DI MARIA ANOTA 3 O MÁS GOLES 90.00
315 P. ALCACER ANOTA 3 O MÁS GOLES 50.00
TODOS LOS EQUIPOS GANAN:
Todos los equipos seleccionados ganarán 
sus partidos en la fecha indicada.
EC 309 ROMA - MANCHESTER UTD, 06/05
EC 1740 MELGAR - ATLETICO PR, 04/05
CÓD    SELECCIÓN                    PROB
CÓD    SELECCIÓN                    PROB
301 E. DZEKO ANOTA 1 O MÁS GOLES 2.25
301 B. CUESTA ANOTA 1 O MÁS GOLES 2.50
302 E. DZEKO ANOTA 2 O MÁS GOLES 6.50
302 B. CUESTA ANOTA 2 O MÁS GOLES 8.00
EVENTO FECHA CÓD   SELECCIÓN                                                                          PROB 303 E. DZEKO ANOTA 3 O MÁS GOLES 30.00
303 B. CUESTA ANOTA 3 O MÁS GOLES 40.00 304 H. MKHITARYAN ANOTA 1 O MÁS GOLES 2.75
304 J. VIDALES ANOTA 1 O MÁS GOLES 3.00
305 H. MKHITARYAN ANOTA 2 O MÁS GOLES 10.00
305 J. VIDALES ANOTA 2 O MÁS GOLES 12.00
4531 04/05 101 MANCHESTER CITY, ATLETICO MG, VELEZ SARSFIELD, SANTOS 6.00 306 H. MKHITARYAN ANOTA 3 O MÁS GOLES 45.00
306 J. VIDALES ANOTA 3 O MÁS GOLES 50.00 307 E. CAVANI ANOTA 1 O MÁS GOLES 1.85
307 L. IBERICO ANOTA 1 O MÁS GOLES 3.00
308 E. CAVANI ANOTA 2 O MÁS GOLES 4.50
4532 04/05 101 BOCA JUNIORS, FLAMENGO, ATLETICO PR 9.00 308 L. IBERICO ANOTA 2 O MÁS GOLES 12.00
309 E. CAVANI ANOTA 3 O MÁS GOLES 13.00
309 L. IBERICO ANOTA 3 O MÁS GOLES 50.00 310 B. FERNANDES ANOTA 1 O MÁS GOLES 1.95
311 B. FERNANDES ANOTA 2 O MÁS GOLES 5.00
4533 05/05 101 BRAGA, CHELSEA, SPORTING LISBOA, INDEP. JOSE TERAN 6.50
312 B. FERNANDES ANOTA 3 O MÁS GOLES 18.00
313 M. RASHFORD ANOTA 1 O MÁS GOLES 2.40
4534 05/05 101 RIVER PLATE, SPORTING CRISTAL, AMERICA 7.00 314 M. RASHFORD ANOTA 2 O MÁS GOLES 7.00
315 M. RASHFORD ANOTA 3 O MÁS GOLES 35.00
4535 06/05 101 BENFICA, ARSENAL, MANCHESTER UTD 9.00
4536 06/05 101 LA EQUIDAD, PENAROL, SAN LORENZO, CORINTHIANS 7.00
EC 303 CHELSEA - REAL MADRID, 05/05 EC 1753 S. HUANCAYO - CORINTHIANS, 06/05
CÓD    SELECCIÓN                    PROB CÓD    SELECCIÓN                    PROB
301 T. WERNER ANOTA 1 O MÁS GOLES 3.00
301 LILIU ANOTA 1 O MÁS GOLES 2.75
302 T. WERNER ANOTA 2 O MÁS GOLES 12.00
302 LILIU ANOTA 2 O MÁS GOLES 10.00
TODOS LOS PARTIDOS +2.5 GOLES:
303 T. WERNER ANOTA 3 O MÁS GOLES 50.00
303 LILIU ANOTA 3 O MÁS GOLES 45.00
304 C. PULISIC ANOTA 1 O MÁS GOLES 3.00
304 J. QUINTERO ANOTA 1 O MÁS GOLES 3.00
305 C. PULISIC ANOTA 2 O MÁS GOLES 12.00
305 J. QUINTERO ANOTA 2 O MÁS GOLES 12.00
306 C. PULISIC ANOTA 3 O MÁS GOLES 50.00
306 J. QUINTERO ANOTA 3 O MÁS GOLES 50.00
En cada uno de los partidos seleccionados se
307 M. MOUNT ANOTA 1 O MÁS GOLES 3.75
307 M. LLIUYA ANOTA 1 O MÁS GOLES 3.75
308 M. MOUNT ANOTA 2 O MÁS GOLES 20.00
308 M. LLIUYA ANOTA 2 O MÁS GOLES 20.00
309 M. MOUNT ANOTA 3 O MÁS GOLES 80.00
309 M. LLIUYA ANOTA 3 O MÁS GOLES 80.00
anotarán más de 2.5 goles.
310 K. BENZEMA ANOTA 1 O MÁS GOLES 2.40
311 K. BENZEMA ANOTA 2 O MÁS GOLES 7.00
312 K. BENZEMA ANOTA 3 O MÁS GOLES 35.00
313 J. VINICIUS ANOTA 1 O MÁS GOLES 4.25
314 J. VINICIUS ANOTA 2 O MÁS GOLES 25.00
315 J. VINICIUS ANOTA 3 O MÁS GOLES 100.00
EVENTO FECHA CÓD   SELECCIÓN                                                                          PROB
4537 04/05 111 MAN. CITY-PARIS ST. GERMAIN, ATLETICO MG-CERRO 6.50
PORTEÑO, U. LA CALERA-VELEZ S., SANTOS-THESTRONGEST 
EC 1649  RENTISTAS - S. CRISTAL, 05/05
4538 04/05 111 BARCELONA GUA-BOCA JUNIORS, LDU QUITO-FLAMENGO, 6.50 EC 1642 I. JOSE TERAN - UNIVERSITARIO, 05/05
CÓD    SELECCIÓN                    PROB
CÓD    SELECCIÓN                    PROB
MELGAR-ATLETICO PR
301 W. COROZO ANOTA 1 O MÁS GOLES 2.10
301 E. GUTIEREZ ANOTA 1 O MÁS GOLES 3.00
302 W. COROZO ANOTA 2 O MÁS GOLES 6.00
302 E. GUTIEREZ ANOTA 2 O MÁS GOLES 12.00
4539 05/05 111 CHELSEA-REAL MADRID, RIO AVE-SPORTING LISBOA, 6.50 303 W. COROZO ANOTA 3 O MÁS GOLES 25.00
303 E. GUTIEREZ ANOTA 3 O MÁS GOLES 50.00 304 A. HOHBERG ANOTA 1 O MÁS GOLES 2.25
INDEP. JOSE TERAN-UNIVERSITARIO
304 H. NOVICK ANOTA 1 O MÁS GOLES 3.25
305 A. HOHBERG ANOTA 2 O MÁS GOLES 6.50
305 H. NOVICK ANOTA 2 O MÁS GOLES 15.00
306 A. HOHBERG ANOTA 3 O MÁS GOLES 30.00
306 H. NOVICK ANOTA 3 O MÁS GOLES 60.00
307 M. RIQUELME ANOTA 1 O MÁS GOLES 2.40
4540 05/05 111 D. SANTA FE-RIVER PLATE, CA RENTISTAS-S.CRISTAL, 6.50
307 L. URRUTI ANOTA 1 O MÁS GOLES 4.00
308 M. RIQUELME ANOTA 2 O MÁS GOLES 7.00
AMERICA-PORTLAND 308 L. URRUTI ANOTA 2 O MÁS GOLES 22.00
309 M. RIQUELME ANOTA 3 O MÁS GOLES 35.00
309 L. URRUTI ANOTA 3 O MÁS GOLES 90.00
4541 06/05 111 BENFICA-PORTO, ARSENAL-VILLARREAL, 5.00
ROMA-MANCHESTER UTD
4542 06/05 111 PENAROL-RIVER PLATE (PAR), SAN LORENZO-12 DE OCTUBRE, 5.50
SPORT HUANCAYO-CORINTHIANS