INPL 08:05 206 1 TOTTENHAM 1.47 4.00 5.60 WOLVES 1.07 1.16 2.33 1.98 2.20 5.75 1.80 2.60 5.40 2.20 4.10 21.00 15.00 6.00 17.00 40.00 12.50 9.50 3.30 1.18 1.78 1.72 1.22 3.00 3.30 1.85 3.00 1.82 1.68
AL2 08:30 1011 1 BRAUNSCHWEIG 1.58 3.60 4.40 WURZBURGER KICKERS 1.10 1.16 1.98 2.05 2.18 4.90 1.88 2.50 4.60 2.35 4.25 21.00 15.00 5.75 16.00 40.00 10.50 8.00 3.90 1.12 1.88 1.62 1.28 2.70 3.90 1.75 2.70 1.65 1.85
AL2 08:30 1012 1 DARMSTADT 2.80 3.30 2.12 HEIDENHEIM 1.51 1.21 1.29 3.35 2.10 2.65 3.10 2.40 2.45 4.75 7.00 28.00 14.00 5.00 14.00 25.00 5.50 3.40 3.90 1.12 1.92 1.58 1.30 2.60 3.90 1.78 2.60 1.48 2.10
AL2 08:30 1013 1 FORTUNA DUSSELDORF 1.55 3.80 4.40 AUE 1.10 1.15 2.04 2.02 2.30 4.60 1.85 2.65 4.40 2.30 4.40 20.00 15.00 6.25 16.00 40.00 10.50 7.50 4.50 1.08 2.15 1.45 1.40 2.30 4.50 1.85 2.30 1.50 2.05
AL2 08:30 1014 1 KARLSRUHER 2.80 3.35 2.12 HOLSTEIN KIEL 1.53 1.21 1.30 3.40 2.10 2.60 3.15 2.40 2.40 4.75 7.00 28.00 14.00 5.25 14.00 25.00 5.25 3.25 3.90 1.12 2.05 1.50 1.28 2.70 3.90 1.75 2.70 1.52 2.00
AL2 08:30 1015 1 NURENBERG 3.35 3.40 1.88 BOCHUM 1.69 1.20 1.21 3.80 2.15 2.35 3.60 2.50 2.15 5.75 8.25 32.00 15.00 5.50 14.00 23.00 4.90 2.85 3.90 1.12 2.10 1.48 1.32 2.50 3.90 1.85 2.50 1.52 2.00
AL2 08:30 1016 1 OSNABRUCK 3.80 3.60 1.70 HAMBURGO 1.85 1.17 1.15 4.10 2.20 2.25 3.80 2.50 2.05 6.25 8.75 32.00 15.00 5.75 14.00 22.00 4.75 2.65 4.00 1.10 1.95 1.55 1.35 2.45 4.00 1.85 2.45 1.50 2.05
AL2 08:30 1017 1 PADERBORN 3.00 3.45 1.98 GREUTHER FURTH 1.60 1.19 1.26 3.40 2.25 2.45 3.15 2.55 2.25 5.00 7.50 28.00 14.00 5.50 14.00 22.00 5.25 3.10 5.00 1.05 2.35 1.38 1.50 2.05 5.00 1.95 2.05 1.35 2.45
AL2 08:30 1018 1 SANDHAUSEN 2.08 3.25 2.95 REGENSBURG 1.27 1.22 1.55 2.65 2.08 3.50 2.40 2.35 3.20 3.30 5.25 25.00 14.00 5.00 14.00 28.00 7.00 4.90 3.50 1.15 1.85 1.65 1.25 2.85 3.50 1.78 2.85 1.55 1.95
AL2 08:30 1019 1 ST. PAULI 2.18 3.30 2.75 HANNOVER 1.31 1.22 1.50 2.95 2.05 3.05 2.70 2.35 2.80 3.90 6.00 25.00 14.00 5.00 14.00 28.00 6.25 4.10 3.50 1.15 2.10 1.48 1.25 2.85 3.50 1.78 2.85 1.55 1.95
BLR 08:30 1020 3 SLUTSK 2.08 3.25 2.80 MINSK 1.27 1.19 1.50 2.70 1.95 3.40 2.45 2.25 3.10 - - - - - - - - - 3.00 1.18 1.70 1.80 1.12 3.50 3.00 1.58 3.50 1.70 1.80
ROM 08:30 1021 3 FC ARGES PITESTI 2.50 2.85 2.45 DINAMO BUCAREST 1.33 1.24 1.32 3.15 1.80 3.25 2.85 2.05 2.95 4.10 5.50 25.00 14.00 4.00 14.00 25.00 5.75 4.25 2.50 1.28 1.45 2.15 1.08 4.00 2.50 1.68 4.00 1.85 1.65
POR 09:00 1030 1 FAMALICAO 1.60 3.30 4.50 NACIONAL MADEIRA 1.08 1.18 1.90 2.18 2.02 5.00 1.98 2.35 4.60 2.55 4.25 23.00 15.00 4.90 16.00 40.00 10.00 8.00 3.30 1.18 1.70 1.80 1.20 3.10 3.30 1.75 3.10 1.75 1.75
BEL 09:00 1022 1 MECHELEN 2.20 3.60 2.50 STANDARD LIEGE 1.37 1.17 1.48 2.75 2.18 3.05 2.55 2.50 2.80 3.45 5.75 25.00 14.00 6.00 14.00 28.00 6.50 4.00 3.50 1.15 1.85 1.65 1.25 2.85 3.50 1.78 2.85 1.55 1.95
DEN 09:00 1023 2 FC COPENHAGEN 2.02 3.35 3.00 BRONDBY 1.26 1.21 1.58 2.55 2.15 3.40 2.35 2.45 3.15 3.20 5.25 23.00 14.00 5.25 14.00 28.00 7.25 4.90 4.00 1.10 2.10 1.48 1.38 2.35 4.00 1.90 2.35 1.42 2.25
ESP2 09:00 1024 3 FUENLABRADA CF 3.15 2.75 2.20 RAYO VALLECANO 1.47 1.30 1.22 3.60 1.72 3.40 3.20 1.95 3.05 5.00 6.00 25.00 16.00 3.40 16.00 25.00 5.75 4.75 2.45 1.35 1.40 2.30 1.08 4.50 2.45 1.75 4.50 1.85 1.65
POR2 09:00 1031 3 CASA PIA 2.75 2.90 2.30 VARZIM 1.41 1.25 1.28 3.45 1.85 2.85 3.15 2.10 2.60 4.75 6.50 28.00 14.00 4.10 14.00 25.00 5.25 3.75 2.75 1.22 1.55 1.95 1.12 3.50 2.75 1.80 3.50 1.72 1.78
POR2 09:00 1032 3 PORTO II 2.35 3.05 2.55 FEIRENSE 1.33 1.22 1.39 3.20 2.00 2.75 2.95 2.25 2.50 4.40 6.50 28.00 14.00 4.75 14.00 25.00 5.50 3.60 3.20 1.15 1.68 1.82 1.18 3.00 3.20 1.80 3.00 1.60 1.90
SU3N 09:00 1033 3 ASSYRISKA 4.75 4.10 1.43 DALKURD 2.20 1.10 1.06 4.75 2.45 1.78 4.60 2.90 1.62 - - - - - - - - - 4.60 1.04 2.25 1.42 1.40 2.15 4.60 1.75 2.15 1.55 1.95
SU3N 09:00 1034 3 IF KARLSTAD FOTBOLL 2.40 3.20 2.40 SANDVIKENS 1.37 1.20 1.37 2.95 2.00 2.95 2.70 2.25 2.70 - - - - - - - - - 3.20 1.15 1.80 1.70 1.18 3.00 3.20 1.65 3.00 1.58 1.92
SU3N 09:00 1036 3 LULEA 2.05 3.40 2.70 HAMMARBY TALANG 1.28 1.17 1.50 2.55 2.10 3.15 2.35 2.45 2.95 - - - - - - - - - 4.00 1.08 2.00 1.52 1.30 2.40 4.00 1.72 2.40 1.48 2.10
ARG 10:00 1041 1 VELEZ SARSFIELD 1.95 3.20 3.35 RACING CLUB 1.21 1.23 1.64 2.60 1.95 4.00 2.35 2.20 3.70 3.20 4.90 25.00 15.00 4.60 15.00 28.00 7.75 5.75 2.85 1.25 1.55 1.95 1.12 3.90 2.85 1.68 3.90 1.82 1.68
AUT 10:00 1042 3 LASK LINZ 3.30 3.75 1.78 SALZBURG 1.76 1.16 1.21 4.30 2.25 2.10 4.00 2.60 1.92 6.75 9.75 38.00 15.00 6.00 15.00 21.00 4.60 2.45 4.50 1.08 2.15 1.45 1.42 2.25 4.50 1.85 2.25 1.45 2.15
AUT 10:00 1043 2 STURM GRAZ 2.75 3.50 2.08 RAPID VIENNA 1.54 1.18 1.30 3.15 2.15 2.70 2.95 2.45 2.50 4.40 6.75 28.00 14.00 5.25 14.00 25.00 5.75 3.50 4.50 1.08 2.10 1.48 1.40 2.30 4.50 1.85 2.30 1.40 2.30
AUT 10:00 1044 2 WSG WATTENS 2.70 3.45 2.12 WOLFSBERGER 1.51 1.19 1.31 3.15 2.10 2.80 2.90 2.40 2.55 4.40 6.50 28.00 14.00 5.00 14.00 25.00 5.75 3.75 4.00 1.10 2.05 1.50 1.38 2.35 4.00 1.90 2.35 1.42 2.25
CZE 10:00 1052 3 MLADA BOLESLAV 3.40 3.70 1.78 SPARTA PRAGUE 1.77 1.17 1.20 4.20 2.15 2.20 4.00 2.50 2.02 6.75 9.00 32.00 15.00 5.25 14.00 22.00 4.60 2.70 4.50 1.08 2.05 1.50 1.40 2.30 4.50 1.85 2.30 1.45 2.15
CZE2 10:00 1053 3 VARNSDORF 3.10 3.25 1.95 HRADEC KRALOVE 1.59 1.20 1.22 3.60 2.00 2.50 3.40 2.25 2.25 5.25 7.25 28.00 14.00 4.75 14.00 25.00 4.90 3.05 3.20 1.15 1.85 1.65 1.20 2.85 3.20 1.85 2.85 1.60 1.90
SVN 10:15 1064 3 CELJE 3.90 3.20 1.72 OLIMPIJA LJUBLIANA 1.76 1.19 1.12 4.40 1.90 2.30 4.10 2.20 2.10 - - - - - - - - - 2.75 1.22 1.58 1.92 1.12 3.50 2.75 1.65 3.50 1.82 1.68
INPL 10:30 212 1 WEST BROM 9.25 5.40 1.22 LIVERPOOL 3.41 1.08 - 7.50 2.65 1.62 7.25 3.15 1.47 15.00 20.00 50.00 21.00 8.50 19.00 20.00 4.00 1.68 4.75 1.06 2.35 1.38 1.48 2.10 4.75 2.05 2.10 1.78 1.72
POL 10:30 1068 3 CRACOVIA KRAKOW 2.08 2.75 3.30 WARTA POZNAN 1.18 1.28 1.50 2.70 1.75 4.25 2.40 2.00 3.90 3.40 4.60 25.00 15.00 3.75 15.00 28.00 7.50 6.25 2.35 1.32 1.42 2.25 1.04 4.60 2.35 1.80 4.60 1.95 1.55
POL 10:30 1069 3 JAGELLONIA 3.25 3.35 1.85 LECHIA GDANSK 1.65 1.18 1.19 3.40 2.00 2.65 3.10 2.25 2.40 4.75 6.75 28.00 14.00 4.75 14.00 25.00 5.25 3.35 3.50 1.12 1.82 1.68 1.20 2.85 3.50 1.78 2.85 1.58 1.92
POL 10:30 1070 3 LECH POZNAN 1.60 3.45 4.20 GORNIK ZABRZE 1.09 1.16 1.89 2.15 2.10 4.25 1.95 2.40 3.90 2.60 4.50 21.00 14.00 5.25 14.00 35.00 9.00 6.50 3.75 1.10 1.95 1.55 1.25 2.60 3.75 1.80 2.60 1.58 1.92
POL 10:30 1071 3 LEGIA WARSAW 1.35 4.20 5.75 PODBESKIDZIE 1.02 1.09 2.43 1.85 2.20 5.50 1.68 2.60 5.00 2.10 4.10 19.00 15.00 6.50 16.00 40.00 12.50 9.25 3.75 1.10 2.00 1.52 1.25 2.60 3.75 1.80 2.60 1.72 1.78
POL 10:30 1072 3 PIAST GLIWICE 1.28 4.30 7.00 WISLA KRAKOW - 1.08 2.66 1.70 2.25 6.50 1.55 2.65 6.25 1.85 3.90 20.00 16.00 6.50 18.00 50.00 15.00 12.00 3.75 1.10 1.92 1.58 1.28 2.50 3.75 1.90 2.50 1.85 1.65
POL 10:30 1073 3 POGON SZCZECIN 2.25 3.00 2.65 RAKOW CZESTOCHOWA 1.29 1.22 1.41 3.10 1.90 3.10 2.80 2.15 2.80 4.10 5.75 25.00 14.00 4.25 14.00 25.00 5.75 4.10 3.00 1.18 1.68 1.82 1.15 3.20 3.00 1.80 3.20 1.65 1.85
POL 10:30 1074 3 SLASK WROCLAW 2.30 2.90 2.70 STAL MIELEC 1.28 1.24 1.40 2.75 1.85 3.50 2.50 2.15 3.20 3.60 5.25 25.00 14.00 4.25 14.00 28.00 6.50 5.00 3.00 1.18 1.62 1.88 1.15 3.20 3.00 1.80 3.20 1.65 1.85
POL 10:30 1075 3 WISLA PLOCK 2.30 2.95 2.70 ZAGLEBIE LUBIN 1.29 1.24 1.41 3.05 1.90 3.05 2.75 2.20 2.75 4.10 5.75 25.00 14.00 4.40 14.00 25.00 5.75 4.10 3.20 1.15 1.82 1.68 1.15 3.20 3.20 1.75 3.20 1.62 1.88
POR2 10:30 1076 3 ACADEMICA 1.75 3.20 3.75 BENFICA II 1.13 1.19 1.73 2.30 1.95 4.25 2.10 2.25 3.90 2.80 4.50 22.00 14.00 4.75 15.00 32.00 8.50 6.50 3.00 1.18 1.62 1.88 1.15 3.20 3.00 1.80 3.20 1.72 1.78
SUE 10:30 1077 3 HAMMARBY 3.15 3.40 1.95 DJURGARDEN 1.64 1.20 1.24 3.90 2.10 2.40 3.60 2.40 2.20 5.75 8.00 32.00 15.00 5.00 14.00 23.00 4.90 3.00 3.90 1.12 1.85 1.65 1.30 2.60 3.90 1.78 2.60 1.52 2.00
ALE 11:00 238 1 MAINZ 5.60 4.60 1.40 DORTMUND 2.53 1.12 1.07 5.00 2.60 1.85 4.80 3.00 1.70 8.50 13.00 35.00 16.00 8.00 15.00 17.00 4.50 2.05 5.50 1.03 2.45 1.35 1.60 1.90 5.50 2.10 1.90 1.42 2.25
POR 11:00 1111 1 BELENENSES 2.55 3.00 2.40 SANTA CLARA 1.38 1.24 1.33 3.30 1.88 3.15 3.00 2.15 2.85 4.25 6.00 25.00 15.00 4.40 15.00 25.00 5.75 4.10 2.60 1.30 1.45 2.15 1.10 4.00 2.60 1.78 4.00 1.88 1.62
ITA 11:00 228 1 PARMA 4.90 4.10 1.50 SASSUOLO 2.23 1.15 1.10 4.90 2.35 1.98 4.60 2.75 1.82 8.00 11.50 40.00 16.00 6.25 15.00 20.00 4.40 2.20 4.75 1.06 2.30 1.40 1.45 2.15 4.75 2.00 2.15 1.48 2.10
PER 11:00 255 1 CARLOS MANNUCCI 2.55 3.10 2.45 MELGAR 1.40 1.25 1.37 3.20 2.05 3.10 2.80 2.20 2.70 4.40 6.25 28.00 15.00 4.75 15.00 28.00 6.25 4.25 3.60 1.20 1.78 1.78 1.28 3.00 3.60 1.75 3.00 1.55 1.95
DEN 11:00 1081 3 AARHUS 1.78 3.60 3.45 NORDSJAELLAND 1.19 1.17 1.76 2.35 2.20 3.70 2.15 2.55 3.45 2.85 5.00 22.00 14.00 5.75 14.00 32.00 8.00 5.50 4.00 1.10 2.05 1.50 1.35 2.45 4.00 1.85 2.45 1.45 2.15
ESP3 11:00 1083 3 ATZENETA UE 2.02 2.95 3.15 HOSPITALET 1.20 1.23 1.52 - - - - - - - - - - - - - - - 2.85 1.20 1.58 1.92 1.12 3.50 2.85 1.62 3.50 1.70 1.80
ESP3 11:00 1086 3 CF LA NUCIA 2.65 2.75 2.45 LLAGOSTERA 1.35 1.27 1.30 - - - - - - - - - - - - - - - 2.25 1.35 1.38 2.35 1.03 4.75 2.25 1.68 4.75 1.92 1.58
ESP3 11:00 1088 3 CP VILLARROBLEDO 5.25 3.45 1.50 UD POBLENSE 2.08 1.17 1.05 - - - - - - - - - - - - - - - 3.00 1.18 1.62 1.88 1.15 3.20 3.00 1.65 3.20 1.88 1.62
NOR 11:00 1108 3 BODO GLIMT 1.98 3.40 3.05 ROSENBURGO 1.25 1.20 1.61 - - - - - - - - - - - - - - - - - - - - - - - - - -
ESP3 11:00 1092 3 LEALTAD 3.20 2.90 2.05 PONTEVEDRA 1.52 1.25 1.20 - - - - - - - - - - - - - - - 2.40 1.30 1.42 2.25 1.05 4.50 2.40 1.65 4.50 1.90 1.60
ESP3 11:00 1094 3 ORIHUELA CF 2.45 2.85 2.55 OLOT 1.32 1.25 1.35 - - - - - - - - - - - - - - - 3.20 1.15 1.65 1.85 1.18 3.00 3.20 1.65 3.00 1.60 1.90
ESP3 11:00 1096 3 REAL OVIEDO B 2.30 2.95 2.70 CORUXO 1.29 1.24 1.41 - - - - - - - - - - - - - - - 2.75 1.22 1.52 2.00 1.10 3.75 2.75 1.62 3.75 1.75 1.75
ESP3 11:00 1100 3 UD MELILLA 3.35 2.95 1.95 ATLETICO MADRID B 1.57 1.23 1.17 - - - - - - - - - - - - - - - 2.40 1.30 1.42 2.25 1.05 4.50 2.40 1.65 4.50 1.92 1.58
ESP3 11:00 1102 3 UD SOCUELLAMOS CF 1.53 3.20 5.40 CF GETAFE B 1.04 1.19 2.01 - - - - - - - - - - - - - - - 2.50 1.28 1.45 2.15 1.06 4.25 2.50 1.62 4.25 2.10 1.48
ESP3 11:00 1104 3 VILLARRUBIA CF 2.15 2.90 3.00 LAS ROZAS CF 1.23 1.25 1.47 - - - - - - - - - - - - - - - 2.50 1.28 1.40 2.30 1.06 4.25 2.50 1.62 4.25 1.88 1.62
SVK 11:00 1112 3 SPARTAK TRNAVA 1.85 3.40 3.15 ZILINA 1.20 1.17 1.64 2.70 2.05 3.15 2.45 2.35 2.90 - - - - - - - - - 3.75 1.10 1.72 1.78 1.28 2.50 3.75 1.72 2.50 1.48 2.10
ESP 11:30 211 1 ALAVES 1.82 3.35 3.80 GRANADA 1.18 1.23 1.78 2.80 1.95 3.80 2.50 2.25 3.50 3.45 5.00 25.00 15.00 4.40 15.00 28.00 7.00 5.25 2.85 1.25 1.58 1.92 1.15 3.50 2.85 1.85 3.50 1.78 1.72
ESP 11:30 213 1 ATLETICO MADRID 1.23 4.90 11.00 OSASUNA - 1.11 3.39 1.82 2.20 7.50 1.65 2.65 7.00 1.95 3.75 21.00 18.00 6.00 19.00 50.00 16.00 14.00 3.10 1.20 1.78 1.72 1.20 3.10 3.10 1.85 3.10 2.10 1.48
ESP 11:30 214 1 BARCELONA 1.18 6.25 9.75 CELTA - 1.05 3.81 1.47 3.05 8.50 1.35 3.70 8.25 1.50 4.25 18.00 21.00 11.00 25.00 65.00 25.00 18.00 6.25 1.01 3.00 1.22 1.82 1.68 6.25 2.35 1.68 1.62 1.88
ESP 11:30 215 1 BETIS 1.82 3.50 3.60 HUESCA 1.20 1.21 1.77 2.35 2.15 4.30 2.12 2.45 4.00 2.75 4.60 23.00 14.00 5.50 15.00 32.00 8.75 6.25 3.30 1.18 1.75 1.75 1.22 3.00 3.30 1.85 3.00 1.65 1.85
ESP 11:30 216 1 CADIZ 2.90 2.90 2.40 ELCHE 1.45 1.31 1.31 3.60 1.85 3.15 3.30 2.10 2.85 4.90 6.25 28.00 15.00 3.90 15.00 25.00 5.50 4.10 2.60 1.30 1.45 2.15 1.10 4.00 2.60 1.85 4.00 1.82 1.68
ESP 11:30 217 1 GETAFE 1.60 3.50 5.00 LEVANTE 1.10 1.21 2.06 2.35 2.00 4.80 2.12 2.30 4.40 2.80 4.40 23.00 15.00 4.75 16.00 32.00 9.25 7.25 2.85 1.25 1.52 2.00 1.15 3.50 2.85 1.85 3.50 1.85 1.65
ESP 11:30 218 1 REAL SOCIEDAD 1.55 3.50 5.40 VALLADOLID 1.07 1.20 2.12 2.10 2.08 5.90 1.88 2.40 5.50 2.35 4.00 23.00 16.00 5.00 17.00 40.00 12.00 10.00 3.10 1.20 1.65 1.85 1.18 3.30 3.10 1.80 3.30 1.88 1.62
ESP 11:30 219 1 VALENCIA 2.45 3.30 2.50 EIBAR 1.41 1.24 1.42 2.90 2.05 3.35 2.65 2.35 3.05 3.75 5.75 25.00 14.00 5.00 14.00 28.00 6.50 4.40 3.10 1.20 1.65 1.85 1.18 3.30 3.10 1.80 3.30 1.68 1.82
ESP 11:30 220 1 VILLARREAL 2.75 3.20 2.50 SEVILLA 1.48 1.31 1.40 3.40 2.00 3.00 3.10 2.30 2.70 4.50 6.50 28.00 14.00 4.60 14.00 25.00 5.50 3.90 3.00 1.22 1.67 1.93 1.18 3.30 3.00 1.85 3.30 1.68 1.82
ESP 11:30 221 1 ATHLETIC BILBAO 4.40 3.70 1.70 REAL MADRID 2.01 1.23 1.16 4.60 2.12 2.25 4.25 2.45 2.05 6.75 9.25 38.00 15.00 5.25 14.00 23.00 4.50 2.65 3.30 1.18 1.80 1.80 1.22 3.00 3.30 1.85 3.00 1.68 1.82
BEL 11:30 1113 1 CLUB BRUGGE 1.43 3.90 5.75 ANTWERP 1.05 1.15 2.32 1.90 2.25 5.75 1.72 2.60 5.40 2.15 4.10 20.00 16.00 6.00 17.00 40.00 13.00 10.00 4.00 1.10 1.95 1.55 1.32 2.50 4.00 1.80 2.50 1.68 1.82
POL2 12:10 1126 3 RADOMIAK RADOM 1.63 3.40 4.40 SANDECJA NOWY SACZ 1.10 1.19 1.92 2.30 2.05 4.30 2.10 2.35 4.00 2.75 4.60 23.00 14.00 5.25 15.00 32.00 8.75 6.50 3.00 1.22 1.62 1.88 1.15 3.50 3.00 1.72 3.50 1.80 1.70
BUL 12:15 1127 3 BEROE 1.52 3.35 5.25 CSKA 1948 1.05 1.18 2.05 1.90 2.10 5.25 1.75 2.45 5.00 - - - - - - - - - 2.85 1.20 1.55 1.95 1.12 3.50 2.85 1.62 3.50 1.95 1.55
BLR 12:30 1128 3 DINAMO BREST 2.65 3.05 2.25 GOMEL 1.42 1.22 1.29 3.20 1.90 2.90 2.95 2.15 2.65 - - - - - - - - - 2.85 1.20 1.58 1.92 1.12 3.50 2.85 1.62 3.50 1.68 1.82
CZE 12:30 1129 3 SLAVIA PRAGUE 1.13 6.00 12.00 KARVINA - 1.03 4.00 1.45 2.80 9.25 1.33 3.45 9.00 1.52 4.00 19.00 21.00 10.00 25.00 70.00 28.00 20.00 5.75 1.02 2.50 1.32 1.62 1.88 5.75 2.00 1.90 1.82 1.68
POL2 12:30 1131 3 PUSZCZA NIEPOLOMICE 3.80 2.95 1.88 LKS LODZ 1.66 1.26 1.15 4.10 1.95 2.55 3.75 2.25 2.30 5.75 8.00 28.00 15.00 4.75 15.00 25.00 4.75 3.10 2.70 1.28 1.48 2.10 1.12 3.90 2.70 1.75 3.90 1.85 1.65
POL3 12:44 1132 3 STAL RZESZOW 2.60 2.95 2.35 CHOJNICZANKA CHOJNICE 1.38 1.23 1.31 3.10 2.00 2.85 2.80 2.25 2.60 - - - - - - - - - 3.75 1.10 1.85 1.65 1.25 2.60 3.75 1.68 2.60 1.50 2.05
INPL 13:00 208 1 EVERTON 1.38 4.10 6.75 SHEFFIELD UTD 1.03 1.15 2.55 1.90 2.20 6.50 1.72 2.60 6.00 2.10 4.00 21.00 16.00 6.00 17.00 40.00 14.00 11.00 3.30 1.18 1.75 1.75 1.22 3.00 3.30 1.85 3.00 1.90 1.60
URU 13:00 858 3 CLUB ATLETICO RENTISTAS 2.25 3.10 2.50 ATL FENIX 1.30 1.18 1.38 2.85 1.95 3.10 2.60 2.25 2.85 3.75 5.50 25.00 13.00 4.75 13.00 28.00 6.00 4.10 3.20 1.15 1.70 1.80 1.18 3.00 3.20 1.65 3.00 1.62 1.88
SVN 13:00 1147 3 DOMZALE 1.58 3.60 4.10 KOPER 1.10 1.14 1.92 1.95 2.15 4.75 1.78 2.50 4.50 - - - - - - - - - 3.75 1.10 1.90 1.60 1.25 2.60 3.75 1.68 2.60 1.65 1.85
USA 13:00 1760 1 KANSAS 1.33 4.40 6.25 VANCOUVER 1.02 1.10 2.58 1.78 2.40 6.00 1.62 2.80 5.75 2.00 4.10 18.00 16.00 7.25 17.00 40.00 15.00 11.00 4.50 1.08 2.10 1.48 1.38 2.35 4.50 1.80 2.35 1.68 1.82
ALE 13:30 239 1 RB LEIPZIG 2.05 3.25 3.20 WOLFSBURGO 1.26 1.25 1.61 2.55 2.15 3.70 2.35 2.45 3.45 3.10 5.00 25.00 14.00 5.25 14.00 28.00 7.50 5.25 3.90 1.12 1.90 1.60 1.30 2.60 3.90 1.85 2.60 1.50 2.05
ITA 13:45 229 1 MILAN 1.37 4.50 6.50 CAGLIARI 1.05 1.13 2.66 1.81 2.40 6.25 1.65 2.85 5.90 2.00 4.10 19.00 16.00 7.25 17.00 40.00 15.00 10.50 4.00 1.10 2.00 1.52 1.35 2.45 4.00 1.90 2.45 1.72 1.78
POR 14:00 1162 1 MARITIMO 2.35 3.10 2.55 GUIMARAES 1.34 1.22 1.40 3.10 1.92 3.30 2.80 2.18 3.00 3.90 5.75 25.00 15.00 4.60 15.00 28.00 6.25 4.25 2.50 1.32 1.45 2.15 1.08 4.50 2.50 1.72 4.50 1.88 1.62
FRA 14:00 240 1 BORDEAUX 3.35 3.30 1.90 LENS 1.66 1.21 1.21 3.75 2.05 2.50 3.50 2.35 2.30 5.25 7.75 28.00 15.00 5.25 14.00 25.00 5.00 3.05 3.10 1.20 1.68 1.82 1.20 3.10 3.10 1.80 3.10 1.68 1.82
FRA 14:00 241 1 DIJON 6.75 4.30 1.33 NANTES 2.63 1.11 1.02 6.75 2.30 1.78 6.25 2.70 1.62 12.00 16.00 40.00 18.00 6.50 17.00 21.00 4.00 1.95 3.50 1.15 1.88 1.62 1.28 2.70 3.50 1.85 2.70 1.88 1.62
FRA 14:00 244 1 MARSELLA 1.40 3.90 6.00 ANGERS 1.03 1.14 2.36 1.95 2.12 6.00 1.75 2.50 5.60 2.20 4.00 22.00 16.00 5.75 17.00 40.00 13.00 10.50 3.10 1.20 1.68 1.82 1.20 3.10 3.10 1.80 3.10 1.90 1.60
FRA 14:00 245 1 MONACO 1.58 3.50 4.50 RENNES 1.09 1.17 1.97 2.12 2.10 4.90 1.92 2.45 4.60 2.45 4.25 22.00 15.00 5.50 16.00 40.00 10.50 7.75 3.30 1.18 1.78 1.72 1.22 3.00 3.30 1.78 3.00 1.72 1.78
FRA 14:00 246 1 MONTPELLIER 2.15 3.50 2.65 BREST 1.33 1.19 1.51 2.60 2.25 3.10 2.40 2.55 2.90 3.30 5.75 23.00 14.00 6.00 14.00 28.00 6.75 4.25 4.50 1.08 2.15 1.45 1.40 2.30 4.50 1.85 2.30 1.40 2.30
FRA 14:00 247 1 NIMES 6.00 4.80 1.32 LYON 2.67 1.08 1.04 5.90 2.65 1.65 5.60 3.15 1.52 11.00 16.00 50.00 19.00 8.75 17.00 18.00 4.25 1.78 5.75 1.02 2.60 1.30 1.62 1.88 5.75 2.00 1.90 1.50 2.05
FRA 14:00 248 1 NIZA 3.20 3.35 1.92 ESTRASBURGO 1.64 1.20 1.22 3.70 2.08 2.50 3.45 2.40 2.25 5.25 7.75 28.00 15.00 5.25 14.00 25.00 5.00 3.05 3.50 1.15 1.80 1.70 1.25 2.85 3.50 1.78 2.85 1.60 1.90
FRA 14:00 249 1 PARIS ST. GERMAIN 1.06 7.50 17.50 REIMS - - 5.25 1.33 3.05 14.00 1.22 3.90 13.50 1.25 4.10 19.00 25.00 10.50 28.00 80.00 45.00 35.00 6.25 1.01 2.70 1.28 1.70 1.80 6.25 2.05 1.80 2.30 1.40
FRA 14:00 268 1 LORIENT 1.55 3.60 4.80 METZ 1.08 1.17 2.06 2.02 2.12 5.40 1.82 2.45 5.00 2.30 4.10 22.00 16.00 5.50 17.00 40.00 11.50 9.00 3.30 1.18 1.72 1.78 1.22 3.00 3.30 1.78 3.00 1.80 1.70
FRA 14:00 269 1 LILLE 1.32 4.25 7.25 ST. ETIENNE 1.01 1.12 2.68 1.80 2.20 7.00 1.62 2.60 6.75 2.00 3.90 21.00 17.00 6.25 18.00 40.00 16.00 13.00 3.30 1.18 1.78 1.72 1.22 3.00 3.30 1.78 3.00 1.95 1.55
CHLM 14:00 1315 1 CHELSEA LFC (M) 4.25 3.35 1.63 FC BARCELONA (M) 1.87 1.18 1.10 4.60 2.00 2.15 4.25 2.35 1.95 7.25 9.50 40.00 15.00 4.90 15.00 22.00 4.25 2.50 3.50 1.12 1.80 1.70 1.22 2.75 3.50 1.80 2.75 1.65 1.85
BOL 14:00 1156 3 ALWAYS READY 1.15 6.00 8.00 ATLETICO PALMAFLOR VINTO - 1.01 3.43 1.48 2.80 6.75 1.38 3.35 6.50 1.55 4.10 16.00 17.00 11.00 19.00 45.00 20.00 13.00 5.25 1.01 2.70 1.28 1.60 1.80 5.25 2.00 1.80 1.62 1.88
ECU 14:00 1160 3 MANTA 2.50 3.10 2.25 DEPOR MACARA 1.38 1.18 1.30 3.10 2.00 2.85 2.85 2.25 2.60 4.10 6.00 28.00 14.00 4.75 13.00 25.00 5.50 3.75 3.20 1.15 1.75 1.75 1.20 2.85 3.20 1.70 2.85 1.58 1.92
ROM 14:00 1163 3 ACS SEPSI 3.30 2.85 2.02 STEAUA BUCAREST 1.53 1.25 1.18 3.90 1.85 2.65 3.60 2.10 2.35 5.50 7.25 28.00 15.00 4.00 14.00 25.00 4.75 3.25 2.75 1.22 1.50 2.05 1.10 3.75 2.75 1.62 3.75 1.80 1.70
ESP2 14:30 1166 3 LEGANES 1.57 3.20 5.50 LOGRONES UD 1.05 1.22 2.02 2.18 1.85 6.75 1.92 2.15 6.00 2.45 3.90 23.00 17.00 4.25 18.00 40.00 12.00 11.00 2.30 1.40 1.35 2.45 1.05 5.00 2.30 1.78 5.00 2.35 1.38
ESP2 14:30 1271 3 MALLORCA 1.60 2.95 6.00 ALCORCON 1.04 1.26 1.98 2.25 1.78 7.00 1.98 2.05 6.50 2.65 3.75 23.00 17.00 3.75 19.00 40.00 12.50 12.00 2.25 1.42 1.32 2.50 1.04 5.25 2.25 1.78 5.25 2.45 1.35
COL 15:00 1168 3 ATLETICO JUNIOR 1.90 2.90 3.60 MILLONARIOS 1.15 1.24 1.61 2.55 1.80 4.25 2.30 2.05 3.90 3.10 4.50 25.00 14.00 4.00 15.00 28.00 7.75 6.25 2.50 1.28 1.45 2.15 1.08 4.00 2.50 1.68 4.00 1.88 1.62
USA 15:00 1756 1 CINCINNATI 3.60 3.30 1.82 INTER MIAMI CF 1.72 1.21 1.17 4.20 2.05 2.35 3.80 2.35 2.15 6.25 8.50 32.00 15.00 4.90 14.00 23.00 4.75 2.90 3.50 1.15 1.82 1.68 1.25 2.85 3.50 1.78 2.85 1.58 1.92
URU 15:15 859 3 DEPORTIVO MALDONADO 3.30 3.20 1.85 LIVERPOOL M. 1.62 1.19 1.17 3.75 2.05 2.35 3.45 2.35 2.15 5.50 7.75 28.00 14.00 4.90 14.00 23.00 4.75 2.90 3.75 1.10 1.90 1.60 1.28 2.50 3.75 1.72 2.50 1.52 2.00
PER 15:30 261 1 SPORTING CRISTAL 1.70 3.50 4.00 SPORT HUANCAYO 1.14 1.19 1.87 2.30 2.15 4.50 1.95 2.35 4.00 2.75 4.75 23.00 15.00 5.50 16.00 40.00 9.50 7.00 3.60 1.20 1.82 1.75 1.28 3.00 3.60 1.75 3.00 1.65 1.85
ARG 15:30 1171 1 BOCA JUNIORS 3.10 3.05 2.35 RIVER PLATE 1.54 1.34 1.33 3.60 1.90 2.90 3.30 2.15 2.60 5.00 6.75 28.00 14.00 4.10 14.00 25.00 5.25 3.75 3.00 1.22 1.63 2.00 1.15 3.50 3.00 1.72 3.50 1.68 1.82
BOL 16:15 1176 3 GUABIRA 2.35 3.30 2.35 ORIENTE PETROLERO 1.37 1.18 1.37 2.80 2.15 2.80 2.60 2.45 2.60 3.75 6.00 25.00 13.00 5.25 13.00 25.00 6.00 3.75 4.50 1.05 2.15 1.45 1.38 2.20 4.50 1.75 2.20 1.38 2.35
ECU 16:30 1177 3 LDU QUITO 1.35 3.75 6.50 AUCAS - 1.12 2.38 1.80 2.10 6.25 1.65 2.50 6.00 2.05 3.75 20.00 15.00 5.50 17.00 38.00 14.00 11.50 3.75 1.10 1.85 1.65 1.25 2.60 3.75 1.68 2.60 1.82 1.68
PAR 16:45 1178 3 RIVER PLATE (PAR) 7.00 4.00 1.30 CERRO PORTENO 2.55 1.10 - 6.75 2.20 1.75 6.25 2.60 1.58 12.50 15.00 38.00 18.00 5.75 16.00 20.00 3.75 1.90 4.00 1.08 1.95 1.55 1.30 2.40 4.00 1.72 2.40 1.80 1.70
USA 17:00 1757 1 NEW ENGLAND 1.85 3.30 3.50 COLUMBUS 1.19 1.21 1.70 2.40 2.08 4.00 2.18 2.40 3.70 2.90 4.75 23.00 14.00 5.00 15.00 32.00 8.25 6.00 3.50 1.15 1.85 1.65 1.28 2.70 3.50 1.85 2.70 1.55 1.95
URU 17:30 1180 3 CERRITO CS 2.70 3.10 2.15 RIVER PLATE (URU) 1.44 1.20 1.27 3.25 2.00 2.70 2.95 2.30 2.45 4.40 6.50 28.00 14.00 4.60 14.00 25.00 5.25 3.40 3.75 1.10 1.85 1.65 1.25 2.60 3.75 1.68 2.60 1.52 2.00
ECU 19:00 1187 3 9 DE OCTUBRE FC 6.50 3.75 1.35 BARCELONA GUA 2.38 1.12 - 6.25 2.10 1.80 6.00 2.50 1.65 11.50 14.00 38.00 17.00 5.50 16.00 20.00 3.75 2.05 3.75 1.10 1.85 1.65 1.25 2.60 3.75 1.68 2.60 1.82 1.68
PAR 19:00 1188 3 GUARANI ASUNCION 2.70 3.10 2.15 LIBERTAD 1.44 1.20 1.27 3.25 2.00 2.70 2.95 2.30 2.45 4.40 6.50 28.00 14.00 4.60 14.00 25.00 5.25 3.40 3.75 1.10 1.85 1.65 1.25 2.60 3.75 1.68 2.60 1.52 2.00
USA 19:00 1758 1 DC UNITED 2.85 3.35 2.08 ORLANDO CITY 1.54 1.20 1.28 3.35 2.12 2.65 3.10 2.40 2.40 4.75 7.00 28.00 14.00 5.25 14.00 25.00 5.50 3.30 3.90 1.12 1.92 1.58 1.30 2.60 3.90 1.78 2.60 1.50 2.05
USA 20:30 1759 1 SEATTLE 2.20 3.10 2.85 LOS ANGELES FC 1.29 1.24 1.48 2.65 2.12 3.35 2.40 2.40 3.10 3.60 5.50 22.00 12.50 4.75 13.00 25.00 7.00 5.00 5.00 1.05 2.30 1.40 1.50 2.05 5.00 1.95 2.05 1.32 2.50
CHN 05:00 1194 3 TIANJIN TEDA 6.50 4.00 1.33 WUHAN ZALL 2.48 1.10 - 6.00 2.05 1.90 5.75 2.40 1.70 10.50 13.00 40.00 17.00 5.50 16.00 22.00 3.90 2.15 3.20 1.15 1.80 1.70 1.18 3.00 3.20 1.80 3.00 1.88 1.62
CHN 07:00 1198 3 CHANGCHUN YATAI 3.80 3.20 1.75 SHANGHAI SHENHUA 1.74 1.20 1.13 4.10 2.00 2.25 3.75 2.30 2.05 6.25 8.50 32.00 14.00 4.90 14.00 22.00 4.60 2.75 3.50 1.12 1.68 1.82 1.22 2.75 3.50 1.80 2.75 1.60 1.90
