JAP2 00:00 755 3 FAGIANO OKAYAMA 3.00 2.80 2.18 V VAREN NAGASAKI 1.45 1.26 1.23 3.60 1.75 3.00 3.25 2.00 2.70 5.00 6.25 28.00 15.00 3.60 14.00 25.00 5.25 4.00 2.60 1.25 1.48 2.10 1.10 3.75 2.60 1.68 3.75 1.75 1.75
JAP2 00:00 756 3 GIRA KITAKYUSHU 3.40 2.90 1.98 OMIYA 1.57 1.25 1.18 4.10 1.80 2.65 3.75 2.05 2.35 5.75 7.25 28.00 15.00 4.00 14.00 25.00 4.60 3.25 2.50 1.28 1.45 2.15 1.06 4.25 2.50 1.62 4.25 1.90 1.60
JAP2 00:00 757 3 JEF UTD CHIBA 2.75 2.80 2.30 MACHIDA ZELVIA 1.39 1.25 1.26 3.30 1.80 3.05 3.00 2.05 2.75 4.50 6.00 25.00 14.00 3.90 14.00 25.00 5.50 4.10 2.75 1.22 1.45 2.15 1.10 3.75 2.75 1.62 3.75 1.72 1.78
JAP2 00:00 758 3 MITO HOLLYHOCK 3.00 2.95 2.10 KOFU 1.49 1.24 1.23 3.50 1.85 2.80 3.20 2.10 2.55 4.90 6.50 28.00 14.00 4.10 14.00 25.00 5.00 3.60 2.85 1.20 1.55 1.95 1.12 3.50 2.85 1.62 3.50 1.72 1.78
JAP2 00:00 759 3 NIIGATA 2.25 3.10 2.60 KYOTO SANGA 1.30 1.21 1.41 2.80 1.90 3.30 2.55 2.20 3.00 3.60 5.25 25.00 13.00 4.50 13.00 28.00 6.25 4.40 3.00 1.18 1.65 1.85 1.15 3.20 3.00 1.65 3.20 1.65 1.85
JAP2 00:00 760 3 TOCHIGI 2.45 2.65 2.70 MATSUMOTO YAMAGA 1.27 1.28 1.34 3.25 1.70 3.50 2.90 1.95 3.10 4.40 5.50 25.00 15.00 3.45 15.00 25.00 5.75 4.75 2.35 1.32 1.38 2.35 1.04 4.60 2.35 1.65 4.60 1.90 1.60
JAP2 00:00 761 3 ZWEIGEN KANAZAWA 1.82 3.20 3.45 KUSATSU GUNMA 1.16 1.19 1.66 2.45 1.90 4.00 2.20 2.20 3.60 2.95 4.60 25.00 14.00 4.60 14.00 28.00 7.75 5.50 2.75 1.22 1.55 1.95 1.10 3.75 2.75 1.62 3.75 1.82 1.68
JAP 01:00 763 2 CEREZO OSAKA 2.45 3.05 2.55 HIROSHIMA 1.36 1.25 1.39 3.15 1.90 3.25 2.85 2.18 2.95 4.10 5.75 25.00 15.00 4.40 15.00 25.00 6.00 4.25 2.70 1.28 1.48 2.10 1.10 4.00 2.70 1.72 4.00 1.82 1.68
JAP2 01:00 764 3 TOKYO VERDY 3.70 3.25 1.75 IWATA 1.73 1.19 1.14 4.25 1.95 2.30 4.00 2.25 2.05 6.50 8.50 32.00 15.00 4.60 14.00 22.00 4.40 2.75 3.20 1.15 1.78 1.72 1.18 3.00 3.20 1.65 3.00 1.68 1.82
AUS 01:05 765 3 SYDNEY 1.50 4.00 4.60 WESTERN SYDNEY 1.09 1.13 2.14 1.95 2.35 4.75 1.78 2.70 4.50 2.20 4.40 19.00 15.00 6.75 16.00 40.00 11.00 7.75 4.50 1.08 2.15 1.45 1.42 2.25 4.50 1.85 2.25 1.52 2.00
COR 02:30 770 3 GWANGJU 3.20 2.90 2.05 SUWON SB 1.52 1.25 1.20 3.75 1.80 2.85 3.35 2.05 2.55 5.25 6.75 28.00 15.00 3.90 15.00 25.00 5.00 3.60 2.60 1.25 1.48 2.10 1.08 4.00 2.60 1.78 4.00 1.82 1.68
AUS 03:10 772 3 MELBOURNE VICTORY 3.15 3.50 1.88 ADELAIDE UTD 1.66 1.18 1.22 3.60 2.35 2.25 3.40 2.65 2.08 5.50 8.25 30.00 14.00 6.00 14.00 20.00 5.00 2.75 5.50 1.03 2.45 1.35 1.58 1.92 5.50 2.00 1.90 1.32 2.50
COR 05:00 779 2 DAEGU FC 3.00 2.95 2.10 JEONBUK HM 1.49 1.24 1.23 3.90 1.95 2.45 3.60 2.20 2.25 5.75 7.50 28.00 15.00 4.50 14.00 25.00 4.75 3.05 3.20 1.15 1.65 1.85 1.15 3.20 3.20 1.75 3.20 1.65 1.85
COR 05:00 780 2 GANGWON FC 2.10 3.15 2.80 FC SEOUL 1.26 1.20 1.48 2.70 1.95 3.40 2.45 2.25 3.10 3.40 5.25 25.00 14.00 4.75 14.00 28.00 6.75 4.60 3.00 1.18 1.65 1.85 1.15 3.20 3.00 1.80 3.20 1.65 1.85
AUS 05:15 798 2 PERTH GLORY 2.08 3.35 2.90 MACARTHUR FC 1.28 1.21 1.55 2.60 2.15 3.35 2.35 2.45 3.10 3.25 5.50 25.00 14.00 5.50 14.00 28.00 7.00 4.75 4.00 1.10 1.92 1.58 1.35 2.45 4.00 1.85 2.45 1.45 2.15
POL2 05:40 799 3 ARKA GDYNIA 1.70 3.30 4.10 WIDZEW LODZ 1.12 1.20 1.83 2.30 1.98 4.70 2.08 2.30 4.30 2.75 4.40 23.00 15.00 4.90 15.00 32.00 9.25 7.25 3.00 1.22 1.58 1.92 1.15 3.50 3.00 1.72 3.50 1.82 1.68
POL3 06:00 802 3 LECH II POZNAN 2.30 3.45 2.30 LKP  MOTOR LUBLIN 1.38 1.15 1.38 - - - - - - - - - - - - - - - - - - - - - - - - - -
SU3N 06:00 803 3 HUDIKSVALLS 2.10 3.35 2.65 PITEA IF 1.29 1.17 1.48 2.60 2.10 3.15 2.40 2.40 2.90 - - - - - - - - - 4.00 1.08 2.10 1.48 1.28 2.50 4.00 1.68 2.50 1.48 2.10
SUE2 06:00 804 3 OSTER 1.90 3.05 3.40 BRAGE 1.17 1.22 1.61 2.55 1.90 3.75 2.30 2.20 3.45 3.20 4.90 25.00 14.00 4.50 14.00 28.00 7.25 5.50 3.00 1.18 1.58 1.92 1.15 3.20 3.00 1.80 3.20 1.68 1.82
ICL 06:45 807 3 SUTTON UTD 2.00 3.25 2.95 HARTLEPOOL 1.24 1.19 1.55 2.60 1.95 3.45 2.40 2.25 3.20 3.30 5.00 25.00 14.00 4.90 14.00 28.00 6.75 4.75 3.00 1.18 1.65 1.85 1.15 3.20 3.00 1.80 3.20 1.65 1.85
DEN2 07:00 808 3 HOBRO 2.35 3.20 2.45 VENDSYSSEL 1.35 1.20 1.39 2.85 1.95 3.20 2.60 2.25 2.90 3.75 5.50 25.00 14.00 4.75 14.00 28.00 6.25 4.25 3.20 1.15 1.72 1.78 1.18 3.00 3.20 1.80 3.00 1.62 1.88
PAR 07:30 811 3 CERRO PORTENO 1.50 3.40 5.00 12 DE OCTUBRE 1.04 1.15 2.02 2.00 2.05 5.25 1.80 2.35 4.90 2.25 4.00 22.00 15.00 4.90 16.00 38.00 11.00 9.00 3.50 1.12 1.80 1.70 1.22 2.75 3.50 1.65 2.75 1.70 1.80
POL3 08:00 816 3 OLIMPIA ELBLAG 2.55 3.05 2.35 SKRA CZESTOCHOWA 1.39 1.22 1.33 - - - - - - - - - - - - - - - - - - - - - - - - - -
SU3N 08:00 817 3 DALKURD 1.25 4.80 6.50 LULEA - 1.05 2.76 1.60 2.55 6.00 1.48 3.05 5.75 - - - - - - - - - 5.25 1.01 2.50 1.32 1.52 1.90 5.25 1.90 1.90 1.55 1.95
SU3N 08:00 818 3 UMEA 1.48 3.90 4.50 ASSYRISKA 1.07 1.11 2.09 1.90 2.30 4.50 1.75 2.65 4.25 - - - - - - - - - 5.00 1.02 2.45 1.35 1.48 2.00 5.00 1.80 2.00 1.42 2.25
SUE 08:00 819 2 HALMSTAD 2.05 3.00 3.25 DEGERFORS 1.22 1.26 1.56 2.65 1.98 3.70 2.40 2.25 3.40 3.35 5.00 25.00 14.00 4.60 15.00 28.00 7.25 5.25 3.10 1.20 1.65 1.85 1.20 3.10 3.10 1.80 3.10 1.65 1.85
SUE 08:00 820 2 KALMAR 2.70 3.15 2.25 HAMMARBY 1.45 1.23 1.31 3.35 2.02 2.85 3.05 2.30 2.60 4.60 6.50 28.00 14.00 4.75 14.00 25.00 5.50 3.75 3.30 1.18 1.72 1.78 1.22 3.00 3.30 1.78 3.00 1.58 1.92
SUE2 08:00 821 3 FALKENBERG 1.62 3.70 3.80 VASALUND ESSINGE 1.13 1.14 1.87 2.05 2.10 4.60 1.85 2.45 4.40 2.40 4.25 21.00 14.00 5.50 15.00 40.00 10.00 7.50 3.75 1.10 1.95 1.55 1.25 2.60 3.75 1.80 2.60 1.65 1.85
AL2 08:30 822 1 AUE 2.95 3.50 1.98 OSNABRUCK 1.60 1.18 1.26 3.40 2.10 2.60 3.15 2.40 2.40 4.75 7.00 28.00 14.00 5.25 14.00 25.00 5.25 3.25 3.90 1.12 2.10 1.48 1.28 2.70 3.90 1.75 2.70 1.52 2.00
AL2 08:30 823 1 BOCHUM 1.78 3.40 3.70 SANDHAUSEN 1.17 1.20 1.77 2.15 2.15 4.50 1.95 2.50 4.20 2.60 4.50 21.00 14.00 5.25 15.00 40.00 9.50 7.50 4.50 1.08 2.15 1.45 1.40 2.30 4.50 1.85 2.30 1.48 2.10
AL2 08:30 824 1 GREUTHER FURTH 1.57 3.90 4.20 FORTUNA DUSSELDORF 1.12 1.14 2.02 2.00 2.25 4.75 1.82 2.65 4.50 2.30 4.40 20.00 15.00 6.00 16.00 40.00 11.00 8.00 4.75 1.06 2.35 1.38 1.45 2.15 4.75 1.90 2.15 1.48 2.10
AL2 08:30 825 1 HAMBURGO 1.63 3.60 4.10 BRAUNSCHWEIG 1.12 1.17 1.92 2.20 2.20 4.10 2.02 2.55 3.80 2.65 4.75 20.00 14.00 5.75 15.00 32.00 9.00 6.25 4.50 1.08 2.35 1.38 1.40 2.30 4.50 1.85 2.30 1.45 2.15
AL2 08:30 826 1 HANNOVER 2.30 3.25 2.60 NURENBERG 1.35 1.22 1.44 2.80 2.18 3.00 2.60 2.50 2.75 3.75 6.00 25.00 14.00 5.50 14.00 25.00 6.25 4.10 4.50 1.08 2.15 1.45 1.40 2.30 4.50 1.85 2.30 1.40 2.30
AL2 08:30 827 1 HEIDENHEIM 2.08 3.45 2.80 KARLSRUHER 1.30 1.19 1.55 2.80 2.12 3.10 2.60 2.45 2.85 3.75 5.75 25.00 14.00 5.25 14.00 28.00 6.50 4.10 3.90 1.12 2.15 1.45 1.32 2.50 3.90 1.85 2.50 1.48 2.10
AL2 08:30 828 1 HOLSTEIN KIEL 1.58 3.90 4.00 DARMSTADT 1.12 1.13 1.97 2.02 2.25 4.70 1.85 2.60 4.40 2.35 4.40 20.00 15.00 6.00 16.00 40.00 10.50 7.75 4.50 1.08 2.50 1.32 1.40 2.30 4.50 1.85 2.30 1.52 2.00
AL2 08:30 829 1 REGENSBURG 2.30 3.20 2.60 ST. PAULI 1.34 1.22 1.43 2.85 2.12 3.05 2.65 2.40 2.80 3.75 6.00 25.00 14.00 5.25 14.00 28.00 6.25 4.10 3.90 1.12 2.30 1.40 1.32 2.50 3.90 1.85 2.50 1.48 2.10
AL2 08:30 830 1 WURZBURGER KICKERS 3.60 3.60 1.75 PADERBORN 1.80 1.18 1.18 4.20 2.25 2.15 4.00 2.60 1.95 6.50 9.50 38.00 15.00 6.00 15.00 21.00 4.60 2.50 4.00 1.10 2.60 1.30 1.35 2.45 4.00 1.85 2.45 1.52 2.00
SU3N 08:30 831 3 HAMMARBY TALANG 7.50 5.25 1.20 BROMMAPOJKARNA 3.09 1.03 - 6.50 2.60 1.55 6.25 3.05 1.45 - - - - - - - - - 5.00 1.02 2.45 1.35 1.48 2.00 5.00 1.80 2.00 1.65 1.85
POL3 09:00 838 3 POGON SIEDLCE 2.55 3.25 2.25 KKS 1925 KALISZ 1.43 1.20 1.33 - - - - - - - - - - - - - - - - - - - - - - - - - -
SD2P 09:00 839 1 BRECHIN 5.60 4.40 1.33 KELTY HEARTS FC 2.46 1.07 1.02 5.00 2.50 1.72 4.90 2.90 1.58 8.75 13.00 38.00 16.00 7.75 15.00 16.00 4.25 1.90 5.25 1.01 2.45 1.35 1.52 1.90 5.25 1.90 1.90 1.48 2.10
AUT2 10:00 841 3 DORNBIRN 2.55 3.40 2.15 FAC TEAM FUR WIEN 1.46 1.17 1.32 3.00 2.15 2.60 2.80 2.45 2.40 4.10 6.50 28.00 14.00 5.50 14.00 25.00 5.75 3.40 4.60 1.04 2.30 1.40 1.40 2.15 4.60 1.95 2.15 1.38 2.35
AUT2 10:00 842 3 GRAZER AK 1.48 3.90 4.50 KAPFENBERG 1.07 1.11 2.09 2.00 2.15 4.75 1.80 2.50 4.40 2.25 4.25 21.00 15.00 5.75 16.00 40.00 10.50 7.75 4.00 1.08 2.35 1.38 1.32 2.35 4.00 1.90 2.35 1.55 1.95
AUT2 10:00 843 3 LAFNITZ 1.70 3.70 3.45 AUSTRIA LUSTENAU 1.16 1.14 1.79 2.20 2.10 3.90 2.00 2.45 3.60 2.65 4.60 21.00 14.00 5.50 14.00 32.00 8.50 6.00 3.75 1.10 2.25 1.42 1.28 2.50 3.75 1.90 2.50 1.55 1.95
AUT2 10:00 844 3 LIEFERING 2.05 3.45 2.70 BLAU-WEISS LINZ 1.29 1.17 1.51 2.55 2.15 3.10 2.35 2.45 2.90 3.25 5.50 22.00 13.00 5.50 13.00 28.00 6.75 4.40 4.60 1.04 2.30 1.40 1.40 2.15 4.60 1.95 2.15 1.38 2.35
AUT2 10:00 845 3 RAPID WIEN (AM) 4.10 4.00 1.53 AUSTRIA KLAGENFURT 2.02 1.11 1.11 5.50 2.30 1.80 5.25 2.70 1.62 9.50 13.00 40.00 16.00 6.50 15.00 18.00 4.10 2.05 4.60 1.04 2.50 1.32 1.40 2.15 4.60 1.95 2.15 1.55 1.95
AUT2 10:00 846 3 SV HORN 2.30 3.60 2.30 AMSTETTEN 1.40 1.15 1.40 2.60 2.20 2.90 2.40 2.50 2.70 3.45 5.75 22.00 13.00 5.75 13.00 23.00 6.50 4.00 5.00 1.02 2.45 1.35 1.48 2.00 5.00 2.00 2.00 1.32 2.50
AUT2 10:00 847 3 WACKER INNSBRUCK 1.18 5.40 8.25 PASCHING - 1.03 3.26 1.50 2.70 7.00 1.38 3.25 6.75 1.60 4.10 17.00 18.00 9.50 20.00 50.00 20.00 14.00 5.25 1.01 2.70 1.28 1.60 1.80 5.25 2.20 1.80 1.62 1.88
CZE 10:00 854 3 BOHEMIANS 1905 4.50 3.80 1.55 SPARTA PRAGUE 2.06 1.15 1.10 4.00 2.12 2.35 3.75 2.45 2.12 6.25 8.50 32.00 15.00 4.90 14.00 23.00 4.75 2.85 4.50 1.08 2.00 1.52 1.38 2.35 4.50 1.80 2.35 1.45 2.15
CZE 10:00 855 3 BRNO 1.68 3.50 3.90 OPAVA 1.14 1.17 1.84 2.35 2.08 4.10 2.12 2.40 3.90 2.85 4.60 23.00 14.00 4.90 15.00 32.00 8.50 6.50 3.90 1.12 1.90 1.60 1.30 2.60 3.90 1.78 2.60 1.52 2.00
CZE 10:00 856 3 BUDEJOVICE 3.25 3.25 1.95 SLOVACKO 1.63 1.22 1.22 3.60 2.00 2.65 3.35 2.30 2.40 5.25 7.00 28.00 15.00 4.75 14.00 25.00 5.25 3.35 3.30 1.18 1.68 1.82 1.20 3.10 3.30 1.75 3.10 1.62 1.88
CZE 10:00 857 3 FASTAV ZLIN 3.25 3.25 1.95 SLOVAN LIBEREC 1.63 1.22 1.22 3.30 2.05 2.75 3.05 2.35 2.50 4.75 6.75 28.00 14.00 4.75 14.00 25.00 5.50 3.60 3.90 1.12 1.68 1.82 1.30 2.60 3.90 1.78 2.60 1.48 2.10
CZE 10:00 858 3 JABLONEC 3.20 3.35 1.92 SLAVIA PRAGUE 1.64 1.20 1.22 4.10 2.12 2.30 3.80 2.45 2.10 6.25 8.50 32.00 15.00 5.25 14.00 23.00 4.75 2.80 3.90 1.12 1.92 1.58 1.32 2.50 3.90 1.85 2.50 1.52 2.00
CZE 10:00 859 3 KARVINA 2.30 3.00 2.80 TEPLICE 1.30 1.26 1.45 2.90 1.95 3.45 2.65 2.20 3.15 3.90 5.50 25.00 14.00 4.40 14.00 28.00 6.50 4.75 3.00 1.22 1.62 1.88 1.18 3.30 3.00 1.78 3.30 1.65 1.85
CZE 10:00 860 3 PRIBRAM 2.12 3.35 2.80 PARDUBICE 1.30 1.21 1.53 2.95 2.12 2.90 2.75 2.45 2.70 3.90 6.25 28.00 14.00 5.50 14.00 25.00 6.00 3.75 3.90 1.12 1.82 1.68 1.28 2.70 3.90 1.75 2.70 1.50 2.05
CZE 10:00 861 3 SIGMA OLOMOUC 2.30 3.00 2.75 MLADA BOLESLAV 1.30 1.25 1.43 2.80 2.10 3.20 2.55 2.40 2.95 3.75 5.75 25.00 13.00 4.75 14.00 28.00 6.50 4.50 4.50 1.08 1.88 1.62 1.40 2.30 4.50 1.85 2.30 1.38 2.35
CZE 10:00 862 3 VIKTORIA PLZEN 1.68 3.50 3.90 BANIK OSTRAVA 1.14 1.17 1.84 2.20 2.15 4.30 2.00 2.45 4.10 2.60 4.60 21.00 14.00 5.50 15.00 35.00 9.25 6.75 3.90 1.12 1.88 1.62 1.28 2.70 3.90 1.75 2.70 1.60 1.90
INPL 10:00 206 1 ARSENAL 1.57 3.80 4.80 BRIGHTON 1.11 1.18 2.12 2.08 2.20 5.00 1.90 2.55 4.70 2.35 4.25 22.00 15.00 5.75 16.00 40.00 10.50 8.00 3.50 1.15 1.85 1.65 1.25 2.85 3.50 1.85 2.85 1.68 1.82
INPL 10:00 205 1 ASTON VILLA 5.75 4.10 1.43 CHELSEA 2.39 1.15 1.06 5.90 2.30 1.90 5.60 2.70 1.72 10.00 14.00 40.00 17.00 6.50 16.00 20.00 4.10 2.10 3.90 1.12 1.92 1.58 1.30 2.60 3.90 1.85 2.60 1.75 1.75
INPL 10:00 203 1 FULHAM 2.10 3.45 2.90 NEWCASTLE 1.31 1.22 1.58 2.60 2.18 3.45 2.40 2.50 3.20 3.20 5.25 23.00 14.00 5.50 14.00 28.00 7.25 4.75 3.90 1.12 1.92 1.58 1.32 2.50 3.90 1.90 2.50 1.50 2.05
INPL 10:00 209 1 LEEDS 1.40 4.50 5.60 WEST BROM 1.07 1.12 2.50 1.85 2.50 5.40 1.68 2.90 5.10 2.05 4.40 17.00 15.00 7.50 16.00 38.00 13.00 9.25 4.75 1.06 2.35 1.38 1.45 2.15 4.75 2.00 2.15 1.55 1.95
INPL 10:00 207 1 LEICESTER 1.98 3.70 3.25 TOTTENHAM 1.29 1.23 1.73 2.65 2.15 3.50 2.45 2.45 3.25 3.25 5.25 25.00 14.00 5.25 14.00 28.00 7.00 4.75 3.50 1.15 2.15 1.55 1.28 2.70 3.50 1.90 2.70 1.52 2.00
INPL 10:00 201 1 LIVERPOOL 1.13 6.50 13.00 CRYSTAL PALACE - 1.04 4.33 1.47 2.90 9.75 1.35 3.60 9.75 1.50 4.00 19.00 22.00 10.00 25.00 70.00 30.00 22.00 5.75 1.02 2.70 1.28 1.62 1.88 5.75 2.10 1.90 1.85 1.65
INPL 10:00 204 1 MANCHESTER CITY 1.38 4.40 6.00 EVERTON 1.05 1.12 2.54 1.75 2.50 6.25 1.60 2.95 6.00 1.90 4.10 19.00 17.00 7.50 18.00 50.00 16.00 11.50 4.50 1.08 2.05 1.50 1.42 2.25 4.50 1.95 2.25 1.68 1.82
INPL 10:00 202 1 SHEFFIELD UTD 2.80 3.25 2.25 BURNLEY 1.50 1.25 1.33 3.30 2.05 2.95 3.05 2.35 2.70 4.40 6.50 28.00 14.00 4.75 14.00 25.00 5.75 3.75 3.30 1.18 1.82 1.68 1.20 3.10 3.30 1.80 3.10 1.60 1.90
INPL 10:00 208 1 WEST HAM 1.63 3.75 4.30 SOUTHAMPTON 1.14 1.18 2.00 2.15 2.25 4.50 1.98 2.60 4.25 2.50 4.50 21.00 15.00 5.75 15.00 38.00 9.75 7.00 4.00 1.10 2.00 1.52 1.35 2.45 4.00 1.90 2.45 1.55 1.95
INPL 10:00 210 1 WOLVES 2.50 3.30 2.45 MANCHESTER UTD 1.42 1.24 1.41 3.25 2.05 2.95 3.00 2.35 2.70 4.25 6.25 28.00 14.00 4.75 14.00 25.00 5.75 3.90 3.30 1.18 1.85 1.65 1.22 3.00 3.30 1.85 3.00 1.58 1.92
URU 10:00 866 3 PLAZA COLONIA 2.60 3.10 2.25 TORQUE 1.41 1.21 1.30 3.20 1.95 2.85 2.90 2.25 2.60 4.25 6.25 28.00 14.00 4.60 13.00 25.00 5.50 3.60 3.20 1.15 1.70 1.80 1.18 3.00 3.20 1.65 3.00 1.62 1.88
FIN 10:30 869 3 MARIEHAMN 1.92 3.15 3.20 HAKA 1.19 1.20 1.59 2.45 2.00 3.75 2.20 2.30 3.40 3.00 4.90 25.00 14.00 5.00 14.00 28.00 7.50 5.25 3.20 1.15 1.68 1.82 1.20 2.85 3.20 1.85 2.85 1.60 1.90
FIN 10:30 870 3 OULU 3.40 2.75 2.02 HIFK 1.52 1.27 1.16 4.25 1.80 2.55 3.90 2.10 2.30 6.50 7.75 28.00 15.00 3.90 15.00 25.00 4.60 3.20 2.75 1.22 1.35 2.45 1.10 3.75 2.75 1.75 3.75 1.78 1.72
FIN2 10:30 871 3 JARO 2.30 3.10 2.55 VAASA 1.32 1.21 1.40 2.55 2.00 3.40 2.35 2.30 3.15 3.15 5.00 25.00 13.00 5.00 14.00 28.00 6.75 4.75 3.50 1.12 1.82 1.68 1.22 2.75 3.50 1.65 2.75 1.58 1.92
FIN2 10:30 872 3 MP MIKKELIN 4.50 3.15 1.63 TURUN PALLOSEURA 1.85 1.20 1.07 5.00 1.90 2.20 4.60 2.20 2.00 8.00 9.50 38.00 15.00 4.25 15.00 22.00 4.10 2.60 3.00 1.18 1.60 1.90 1.15 3.20 3.00 1.65 3.20 1.82 1.68
SUE 10:30 873 3 DJURGARDEN 1.63 3.30 4.60 GOTEMBURGO 1.09 1.20 1.92 2.12 2.10 5.00 1.92 2.45 4.70 2.50 4.25 23.00 15.00 5.00 16.00 40.00 10.50 8.50 3.90 1.12 1.72 1.78 1.30 2.60 3.90 1.78 2.60 1.60 1.90
SUE 10:30 874 3 HACKEN 1.62 3.30 4.80 VARBERGS 1.09 1.21 1.96 2.02 2.18 5.10 1.85 2.50 4.75 2.30 4.25 22.00 15.00 5.75 16.00 40.00 11.00 8.25 3.50 1.15 1.82 1.68 1.25 2.85 3.50 1.78 2.85 1.70 1.80
BLRC 11:00 832 3 BATE BORISOV 1.35 4.00 6.25 ISLOCH 1.01 1.11 2.44 - - - - - - - - - - - - - - - - - - - - - - - - - -
ITA 11:00 229 1 INTER 1.33 5.00 6.50 UDINESE 1.05 1.10 2.83 1.72 2.65 5.75 1.58 3.15 5.60 1.85 4.25 17.00 16.00 8.50 18.00 45.00 16.00 10.50 5.75 1.02 2.70 1.28 1.62 1.88 5.75 2.10 1.90 1.48 2.10
PER 11:00 390 1 SPORT HUANCAYO 2.40 3.10 2.60 SPORT BOYS 1.35 1.25 1.41 3.10 2.02 3.30 2.65 2.20 2.85 4.10 6.00 25.00 15.00 4.75 15.00 30.00 6.50 4.50 3.20 1.25 1.70 1.88 1.22 3.40 3.20 1.75 3.40 1.62 1.88
POL3 11:00 884 3 GKS KATOWICE 1.45 4.10 4.50 BYTOVIA BYTOW 1.07 1.10 2.15 - - - - - - - - - - - - - - - - - - - - - - - - - -
POL3 11:00 885 3 OLIMPIA GRUDZIADZ 2.25 3.25 2.55 SLASK WROCLAW II 1.33 1.20 1.43 - - - - - - - - - - - - - - - - - - - - - - - - - -
CHI 11:30 888 2 MELIPILLA 2.40 2.80 2.65 ANTOFAGASTA 1.29 1.26 1.36 3.00 1.95 3.00 2.75 2.25 2.75 3.90 5.75 25.00 14.00 4.75 14.00 25.00 5.75 3.90 3.00 1.18 1.80 1.70 1.15 3.20 3.00 1.80 3.20 1.65 1.85
ESP 11:30 212 1 GRANADA 2.45 3.25 2.55 GETAFE 1.40 1.25 1.43 3.00 2.10 3.15 2.75 2.40 2.85 3.90 6.00 25.00 14.00 5.00 14.00 28.00 6.25 4.10 3.50 1.15 1.78 1.72 1.25 2.85 3.50 1.85 2.85 1.55 1.95
POL2 12:05 891 3 RESOVIA 2.00 3.05 3.30 KORONA KIELCE 1.21 1.25 1.59 2.95 1.90 3.50 2.65 2.15 3.20 3.90 5.50 25.00 14.00 4.50 14.00 28.00 6.50 4.75 2.60 1.30 1.50 2.05 1.10 4.00 2.60 1.78 4.00 1.85 1.65
POL2 12:10 892 3 SANDECJA NOWY SACZ 1.82 3.25 3.60 CHROBRY GLOGOW 1.17 1.21 1.71 2.90 1.92 3.50 2.65 2.20 3.15 3.75 5.50 25.00 14.00 4.50 14.00 28.00 6.50 4.75 2.85 1.25 1.58 1.92 1.15 3.50 2.85 1.78 3.50 1.75 1.75
BUL 12:30 893 3 BOTEV PLOVDIV 1.63 3.25 4.25 FC TRARSKO SELO SOFIA 1.09 1.18 1.84 2.25 1.95 4.40 2.05 2.25 4.10 - - - - - - - - - 2.75 1.22 1.55 1.95 1.10 3.75 2.75 1.62 3.75 1.85 1.65
BUL 12:30 894 3 CHERNO MORE 1.68 3.35 4.00 LEVSKI SOFIA 1.12 1.18 1.82 2.20 2.00 4.40 2.00 2.30 4.10 - - - - - - - - - 3.00 1.18 1.65 1.85 1.15 3.20 3.00 1.65 3.20 1.75 1.75
ING2 12:30 895 1 FOREST GREEN 2.35 3.05 2.65 NEWPORT COUNTY 1.33 1.25 1.42 2.95 1.88 3.60 2.65 2.15 3.25 3.90 5.25 25.00 14.00 4.25 14.00 28.00 6.75 5.00 2.85 1.25 1.52 2.00 1.12 3.90 2.85 1.68 3.90 1.78 1.72
ISR 12:30 1597 3 HAPOEL BEER SHEVA 2.18 2.90 2.90 HAPOEL KIRYAT SHMONA 1.24 1.24 1.45 2.85 1.85 3.60 2.55 2.10 3.25 3.60 5.00 25.00 14.00 4.10 14.00 28.00 6.50 4.90 2.60 1.25 1.48 2.10 1.08 4.00 2.60 1.62 4.00 1.82 1.68
ISR 12:30 1598 3 MACCABI HAIFA 1.40 3.80 5.60 ASHDOD 1.02 1.12 2.26 - - - - - - - - - - - - - - - - - 1.80 1.70 - - - - - - -
ISR 12:30 1599 3 MACCABI PETACH TIKVA 3.90 3.45 1.67 MACCABI TEL AVIV 1.83 1.17 1.13 - - - - - - - - - - - - - - - - - 1.58 1.92 - - - - - - -
URU 13:00 915 3 PROGRESO 3.50 3.20 1.80 NACIONAL 1.67 1.19 1.15 4.00 2.00 2.35 3.75 2.30 2.15 6.00 8.00 32.00 14.00 4.75 14.00 22.00 4.60 2.80 3.20 1.15 1.75 1.75 1.20 2.85 3.20 1.70 2.85 1.62 1.88
ARG 13:30 396 1 RACING CLUB 3.60 3.00 1.90 BOCA JUNIORS 1.64 1.24 1.16 4.50 1.85 2.60 4.00 2.10 2.35 6.50 8.00 28.00 16.00 4.10 15.00 25.00 4.60 3.20 2.50 1.32 1.42 2.25 1.08 4.50 2.50 1.72 4.50 1.92 1.58
ITA 13:45 228 1 ATALANTA 2.55 3.90 2.30 MILAN 1.54 1.21 1.45 2.85 2.35 2.80 2.65 2.70 2.60 3.75 6.50 25.00 14.00 6.25 14.00 23.00 6.25 3.60 5.25 1.04 2.70 1.35 1.52 2.00 5.25 2.05 2.00 1.32 2.50
ITA 13:45 225 1 BOLOGNA 8.25 5.60 1.23 JUVENTUS 3.34 1.07 1.01 7.00 2.80 1.58 7.00 3.35 1.45 14.00 20.00 50.00 21.00 9.25 19.00 18.00 4.25 1.65 6.25 1.01 2.70 1.28 1.68 1.82 6.25 2.15 1.80 1.55 1.95
ITA 13:45 227 1 NAPOLI 1.18 6.25 9.75 VERONA - 1.05 3.81 1.52 2.95 8.00 1.40 3.50 7.75 1.55 4.25 18.00 20.00 10.50 22.00 50.00 23.00 17.00 6.25 1.01 2.85 1.25 1.75 1.75 6.25 2.25 1.75 1.60 1.90
ITA 13:45 223 1 SASSUOLO 1.88 3.90 3.15 LAZIO 1.27 1.18 1.74 2.35 2.40 3.40 2.20 2.75 3.20 2.85 5.50 19.00 14.00 6.75 14.00 28.00 8.00 4.90 5.25 1.04 2.45 1.35 1.55 1.95 5.25 2.10 1.95 1.32 2.50
ITA 13:45 221 1 SPEZIA 4.40 4.20 1.55 ROMA 2.15 1.15 1.13 4.50 2.50 1.98 4.25 2.90 1.82 7.25 11.00 38.00 16.00 7.00 15.00 18.00 4.60 2.20 5.50 1.03 2.50 1.32 1.58 1.92 5.50 2.10 1.90 1.38 2.35
ITA 13:45 252 1 TORINO 1.78 3.80 3.50 BENEVENTO 1.21 1.18 1.82 2.30 2.30 3.80 2.12 2.65 3.60 2.75 5.00 20.00 14.00 6.25 14.00 30.00 8.50 5.50 4.50 1.08 2.15 1.45 1.42 2.25 4.50 1.95 2.25 1.42 2.25
CHI 14:00 926 2 HUACHIPATO 2.30 2.95 2.65 COLO COLO 1.29 1.23 1.40 2.85 1.90 3.30 2.60 2.15 3.00 3.75 5.50 25.00 14.00 4.40 14.00 28.00 6.25 4.60 3.00 1.18 1.65 1.85 1.15 3.20 3.00 1.80 3.20 1.62 1.88
ECU 14:00 927 3 AUCAS 1.80 3.40 3.35 DEPOR CUENCA 1.18 1.17 1.69 2.25 2.15 3.75 2.10 2.45 3.45 2.75 4.75 21.00 13.00 5.25 14.00 32.00 7.75 5.50 4.25 1.06 2.10 1.48 1.35 2.25 4.25 1.75 2.25 1.45 2.15
ESP 14:00 213 1 SEVILLA 1.48 4.00 5.25 ALAVES 1.08 1.15 2.27 1.95 2.30 5.40 1.78 2.70 5.10 2.20 4.25 20.00 15.00 6.25 16.00 40.00 12.00 9.25 4.50 1.08 2.15 1.45 1.40 2.30 4.50 1.90 2.30 1.55 1.95
FRA 14:00 238 1 ANGERS 7.00 4.30 1.32 LILLE 2.66 1.11 1.01 6.75 2.25 1.78 6.50 2.70 1.60 12.50 16.00 50.00 19.00 6.50 17.00 21.00 3.90 1.95 3.50 1.15 1.85 1.65 1.25 2.85 3.50 1.78 2.85 1.92 1.58
FRA 14:00 239 1 BREST 8.50 5.75 1.18 PARIS ST. GERMAIN 3.43 1.04 - 7.00 2.80 1.55 6.75 3.35 1.42 13.00 18.00 50.00 20.00 7.75 18.00 20.00 4.00 1.60 6.25 1.01 2.85 1.25 1.68 1.82 6.25 2.05 1.80 1.58 1.92
FRA 14:00 240 1 ESTRASBURGO 2.45 2.08 4.10 LORIENT 1.12 1.53 1.38 3.20 1.58 4.80 2.75 1.80 4.25 5.25 4.75 25.00 14.00 2.60 14.00 25.00 7.50 9.00 2.85 1.25 1.42 2.25 1.12 3.90 2.85 1.68 3.90 1.65 1.85
FRA 14:00 237 1 LENS 4.40 3.90 1.55 MONACO 2.07 1.15 1.11 4.60 2.25 2.02 4.40 2.60 1.85 7.50 10.50 40.00 16.00 6.00 15.00 21.00 4.40 2.35 4.50 1.08 2.15 1.45 1.38 2.35 4.50 1.80 2.35 1.52 2.00
FRA 14:00 236 1 LYON 1.15 5.90 9.75 NIZA - 1.03 3.68 1.50 2.80 7.75 1.38 3.40 7.50 1.58 4.10 18.00 20.00 9.75 22.00 50.00 23.00 16.00 5.75 1.02 2.70 1.28 1.65 1.85 5.75 2.05 1.85 1.65 1.85
FRA 14:00 235 1 METZ 3.10 3.20 2.02 MARSELLA 1.57 1.22 1.24 3.60 2.10 2.55 3.30 2.40 2.35 5.00 7.25 28.00 14.00 5.25 14.00 25.00 5.25 3.20 3.50 1.15 1.92 1.58 1.28 2.70 3.50 1.85 2.70 1.55 1.95
FRA 14:00 250 1 NANTES 1.43 4.20 5.10 MONTPELLIER 1.07 1.12 2.30 1.95 2.30 4.90 1.78 2.70 4.60 2.20 4.40 19.00 15.00 6.50 16.00 40.00 11.50 8.25 4.50 1.08 2.15 1.45 1.38 2.35 4.50 1.80 2.35 1.58 1.92
FRA 14:00 234 1 REIMS 2.40 2.65 3.00 BORDEAUX 1.26 1.33 1.41 3.15 1.80 3.70 2.80 2.05 3.30 4.25 5.50 25.00 15.00 3.60 15.00 25.00 6.50 5.25 2.70 1.28 1.48 2.10 1.12 3.90 2.70 1.75 3.90 1.78 1.72
FRA 14:00 232 1 RENNES 1.28 4.75 7.00 NIMES 1.01 1.08 2.83 1.75 2.40 6.25 1.58 2.85 6.00 1.90 4.10 19.00 17.00 7.25 18.00 50.00 15.00 11.50 4.50 1.08 2.25 1.42 1.38 2.35 4.50 1.80 2.35 1.70 1.80
FRA 14:00 231 1 ST. ETIENNE 1.28 4.70 7.00 DIJON 1.01 1.08 2.81 1.72 2.40 6.50 1.57 2.85 6.25 1.85 4.00 20.00 18.00 7.25 20.00 50.00 16.00 12.50 4.50 1.08 2.15 1.45 1.40 2.30 4.50 1.85 2.30 1.72 1.78
POC 14:30 1308 1 BRAGA 3.60 3.10 2.08 BENFICA 1.67 1.32 1.24 4.00 1.92 2.65 3.70 2.20 2.35 6.25 7.50 28.00 14.00 4.00 14.00 25.00 4.90 3.50 3.50 1.15 1.72 1.88 1.28 2.70 3.50 1.85 2.70 1.52 2.00
VEN 15:00 929 3 YARACUYANOS 2.40 2.70 2.40 ARAGUA 1.27 1.20 1.27 3.10 1.85 3.10 2.80 2.15 2.80 4.25 5.75 25.00 14.00 4.00 14.00 25.00 5.75 4.25 3.20 1.15 1.60 1.75 1.18 3.00 3.20 1.65 3.00 1.60 1.90
URU 15:15 930 3 M. WANDERERS 1.85 3.20 3.30 DEPORTIVO MALDONADO 1.17 1.19 1.62 2.40 2.00 3.75 2.20 2.30 3.50 2.90 4.75 23.00 14.00 4.75 14.00 28.00 7.50 5.50 3.20 1.15 1.75 1.75 1.20 2.85 3.20 1.70 2.85 1.62 1.88
PER 15:30 388 1 DEPOR. CANTOLAO 3.60 3.00 1.95 AYACUCHO FC 1.64 1.26 1.18 4.40 1.95 2.65 3.75 2.10 2.25 6.50 8.25 30.00 16.00 4.40 16.00 25.00 4.90 3.35 2.80 1.32 1.55 2.10 1.15 4.10 2.80 1.72 4.10 1.82 1.68
PER 15:30 389 1 MELGAR 2.90 3.10 2.20 CIENCIANO 1.50 1.25 1.29 3.60 2.00 2.90 3.15 2.15 2.50 5.00 7.00 30.00 15.00 4.75 15.00 25.00 5.50 3.75 3.20 1.25 1.65 1.93 1.20 3.60 3.20 1.70 3.60 1.68 1.82
PER 15:30 391 1 U. SAN MARTIN 2.15 3.20 2.90 DEPOR MUNICIPAL 1.29 1.23 1.52 2.80 2.05 3.60 2.45 2.25 3.10 3.60 5.50 25.00 15.00 5.00 15.00 30.00 7.25 5.00 3.40 1.22 1.75 1.82 1.25 3.20 3.40 1.75 3.20 1.62 1.88
PER 15:30 394 1 UNIVERSITARIO 2.45 3.20 2.45 CARLOS MANNUCCI 1.39 1.23 1.39 3.10 2.08 3.10 2.70 2.25 2.70 4.25 6.25 28.00 15.00 5.00 15.00 28.00 6.25 4.25 3.40 1.22 1.78 1.78 1.28 3.00 3.40 1.80 3.00 1.58 1.92
USA 15:30 1681 1 SEATTLE 1.60 3.40 4.70 ATLANTA UTD 1.09 1.19 1.97 2.20 2.02 4.90 1.98 2.35 4.60 2.65 4.25 23.00 15.00 4.50 16.00 40.00 9.75 8.50 3.90 1.12 1.90 1.60 1.32 2.50 3.90 1.85 2.50 1.55 1.95
ECU 16:30 933 3 DELFIN 2.60 3.05 2.30 LDU QUITO 1.40 1.22 1.31 3.20 2.00 2.70 2.95 2.30 2.50 4.40 6.25 28.00 13.00 4.60 13.00 25.00 5.25 3.50 3.75 1.10 1.78 1.72 1.25 2.60 3.75 1.68 2.60 1.48 2.10
PAR 16:45 934 3 OLIMPIA ASUNCION 1.45 3.50 5.50 SPORTIVO LUQUENO 1.03 1.15 2.14 1.90 2.10 5.50 1.75 2.45 5.25 2.15 3.90 22.00 15.00 5.00 17.00 38.00 11.50 9.75 3.75 1.10 1.90 1.60 1.28 2.50 3.75 1.72 2.50 1.65 1.85
CHI2 17:00 935 3 DEPORTES PUERTO MONTT 2.25 3.15 2.55 U. DE CONCEPCION 1.31 1.20 1.41 2.80 2.00 3.10 2.55 2.25 2.85 3.75 5.50 25.00 13.00 4.90 14.00 28.00 6.25 4.25 3.20 1.15 1.78 1.72 1.20 2.85 3.20 1.85 2.85 1.58 1.92
USA 18:00 1682 1 DC UNITED 2.60 3.10 2.35 PHILADELPHIA 1.41 1.23 1.34 3.15 2.02 2.95 2.90 2.30 2.70 4.25 6.25 28.00 14.00 4.60 14.00 25.00 5.75 4.00 3.50 1.15 1.80 1.70 1.25 2.85 3.50 1.78 2.85 1.55 1.95
VEN 18:00 936 3 METROPOLITANOS 2.25 3.00 2.35 UCV FC 1.29 1.15 1.32 2.90 2.00 3.00 2.65 2.30 2.75 3.75 5.75 25.00 13.00 4.75 13.00 25.00 6.00 4.00 3.50 1.12 1.75 1.60 1.22 2.75 3.50 1.65 2.75 1.52 2.00
ECU 19:00 937 3 BARCELONA GUA 1.20 4.80 9.50 OLMEDO - 1.07 3.19 1.65 2.35 7.00 1.50 2.75 6.75 1.75 3.75 20.00 17.00 7.25 19.00 50.00 17.00 12.50 3.75 1.10 1.88 1.62 1.25 2.60 3.75 1.68 2.60 1.95 1.55
MEXP 19:00 940 1 PUEBLA 2.70 2.90 2.45 SANTOS LAGUNA 1.40 1.28 1.33 3.35 1.88 3.10 3.05 2.15 2.80 4.60 6.25 25.00 15.00 4.10 15.00 25.00 5.75 4.10 3.00 1.22 1.52 2.00 1.15 3.50 3.00 1.72 3.50 1.68 1.82
PAR 19:00 941 3 NACIONAL ASUNCION 1.65 3.20 4.25 RIVER PLATE (PAR) 1.09 1.19 1.83 2.20 2.00 4.60 1.95 2.30 4.25 2.55 4.25 22.00 14.00 4.60 15.00 38.00 9.25 7.50 3.20 1.15 1.75 1.75 1.20 2.85 3.20 1.70 2.85 1.68 1.82
CHI 19:30 942 3 UNIV. DE CHILE 1.82 3.05 3.60 EVERTON DE VINA 1.14 1.21 1.65 2.30 2.00 4.10 2.10 2.25 3.75 2.80 4.60 22.00 14.00 4.90 14.00 32.00 8.25 6.00 3.00 1.18 1.58 1.92 1.15 3.20 3.00 1.80 3.20 1.72 1.78
USA 20:00 1683 1 NASHVILLE SC 1.65 3.35 4.40 AUSTIN FC 1.11 1.20 1.90 2.15 2.08 4.90 1.95 2.40 4.60 2.50 4.25 23.00 15.00 5.00 16.00 40.00 10.00 8.25 3.90 1.12 1.72 1.78 1.28 2.70 3.90 1.75 2.70 1.62 1.88
