SUEC 07:30 1664 1 HAMMARBY 2.18 3.30 2.70 HACKEN 1.31 1.21 1.49 2.75 2.12 3.20 2.50 2.40 2.95 3.50 5.50 25.00 14.00 5.25 14.00 28.00 6.75 4.50 3.90 1.12 1.92 1.58 1.32 2.50 3.90 1.85 2.50 1.45 2.15
BRA 09:00 1562 1 ATLETICO MG 1.30 4.60 7.75 FORTALEZA CE 1.01 1.11 2.89 1.75 2.35 7.25 1.60 2.80 7.00 1.85 3.90 21.00 18.00 6.75 20.00 50.00 17.00 13.00 3.50 1.15 1.85 1.65 1.28 2.70 3.50 1.90 2.70 1.92 1.58
ING1 09:00 1563 1 BLACKPOOL 2.02 3.10 3.20 LINCOLN 1.22 1.24 1.57 2.65 1.95 3.90 2.40 2.20 3.50 3.35 5.00 25.00 14.00 4.60 15.00 28.00 7.25 5.50 2.85 1.25 1.55 1.95 1.15 3.50 2.85 1.78 3.50 1.78 1.72
BRA 14:00 1564 1 ATLETICO PR 1.55 3.50 5.50 AMERICA MINEIRO 1.07 1.21 2.14 2.12 2.02 5.90 1.90 2.35 5.50 2.40 4.00 23.00 16.00 4.90 17.00 40.00 11.50 9.75 2.85 1.25 1.55 1.95 1.15 3.50 2.85 1.85 3.50 1.95 1.55
BRA 14:00 1565 1 CEARA 2.95 2.90 2.35 GREMIO 1.46 1.31 1.30 3.50 1.88 3.25 3.15 2.12 2.90 4.90 6.00 25.00 15.00 3.90 15.00 25.00 5.75 4.40 3.00 1.22 1.58 1.92 1.15 3.50 3.00 1.78 3.50 1.68 1.82
BRA 14:00 1566 1 FLAMENGO 1.65 3.80 4.70 PALMEIRAS 1.15 1.22 2.10 1.98 2.25 5.50 1.80 2.60 5.25 2.20 4.10 21.00 15.00 6.00 17.00 40.00 12.00 9.25 3.90 1.12 1.83 1.77 1.28 2.70 3.90 1.80 2.70 1.70 1.80
BRA 16:15 1567 1 CHAPECOENSE 2.55 2.90 2.75 BRAGANTINO 1.36 1.32 1.41 3.25 1.88 3.45 2.90 2.15 3.10 4.25 5.75 25.00 15.00 4.00 15.00 25.00 6.00 4.60 2.85 1.25 1.50 2.05 1.12 3.90 2.85 1.75 3.90 1.78 1.72
BRA 16:15 1568 1 CORINTHIANS 1.80 3.35 3.90 ATLETICO GO 1.17 1.23 1.80 2.30 2.05 4.80 2.08 2.35 4.40 2.70 4.40 23.00 15.00 4.90 15.00 40.00 9.50 7.25 3.10 1.20 1.60 1.90 1.18 3.30 3.10 1.80 3.30 1.78 1.72
USA 18:00 1569 1 PHILADELPHIA 1.78 3.60 3.40 PORTLAND 1.19 1.17 1.75 2.25 2.25 3.80 2.08 2.60 3.60 2.75 4.90 20.00 14.00 6.00 14.00 32.00 8.50 5.75 4.50 1.08 2.10 1.48 1.38 2.35 4.50 1.80 2.35 1.45 2.15
BRA 18:30 1570 1 INTERNACIONAL 1.35 4.30 7.50 SPORT RECIFE 1.03 1.14 2.73 1.92 2.18 6.50 1.75 2.55 6.00 2.15 4.00 21.00 16.00 5.75 17.00 40.00 14.00 11.00 3.10 1.20 1.78 1.72 1.18 3.30 3.10 1.80 3.30 1.95 1.55
PER 20:00 201 1 U. SAN MARTIN 4.25 3.60 1.63 SPORTING CRISTAL 1.95 1.18 1.12 4.80 2.18 2.20 4.25 2.40 1.90 7.50 10.00 40.00 16.00 5.75 15.00 23.00 4.60 2.60 3.40 1.22 1.78 1.78 1.25 3.20 3.40 1.75 3.20 1.72 1.78
USA 20:30 1609 1 SEATTLE 1.52 3.90 4.60 AUSTIN FC 1.09 1.14 2.11 2.00 2.25 4.80 1.82 2.60 4.50 2.30 4.40 20.00 15.00 6.25 16.00 40.00 11.00 8.00 4.00 1.10 1.95 1.55 1.32 2.50 4.00 1.80 2.50 1.58 1.92
