AUS 04:05 1487 3 MACARTHUR FC 2.30 3.25 2.60 CC MARINERS 1.35 1.22 1.44 2.95 2.05 3.10 2.70 2.35 2.85 3.90 5.75 25.00 14.00 4.90 14.00 28.00 6.25 4.25 3.50 1.15 1.85 1.65 1.28 2.70 3.50 1.85 2.70 1.50 2.05
JAP 05:00 1488 3 GAMBA OSAKA 2.35 3.10 2.60 TOKUSHIMA 1.34 1.23 1.41 2.95 1.95 3.35 2.70 2.20 3.05 3.90 5.50 25.00 14.00 4.60 14.00 28.00 6.50 4.50 2.85 1.25 1.55 1.95 1.15 3.50 2.85 1.78 3.50 1.72 1.78
JAP2 05:00 1489 3 SC SAGAMIHARA 2.60 2.70 2.50 EHIME 1.32 1.27 1.30 3.20 1.75 3.35 2.90 2.00 3.00 4.25 5.50 25.00 15.00 3.75 15.00 25.00 5.75 4.40 2.40 1.30 1.38 2.35 1.05 4.50 2.40 1.65 4.50 1.88 1.62
ROM 09:30 1495 3 ACS SEPSI 1.68 3.30 4.00 BOTOSANI 1.11 1.18 1.81 2.65 1.85 3.75 2.40 2.10 3.45 3.30 4.75 25.00 14.00 4.10 15.00 28.00 7.00 5.50 2.75 1.22 1.65 1.85 1.12 3.50 2.75 1.65 3.50 1.72 1.78
SAF 10:00 1498 3 ORLANDO PIRATES 2.21 2.89 2.84 AMAZULU 1.25 1.24 1.43 - - - - - - - - - - - - - - - - - - - - - - - - - -
NOR 11:00 1499 3 BODO GLIMT 1.35 4.20 6.25 HAUGESUND 1.02 1.11 2.51 1.81 2.25 6.50 1.63 2.65 6.25 2.00 4.00 20.00 16.00 6.50 17.00 40.00 15.00 11.50 3.50 1.15 1.90 1.60 1.25 2.85 3.50 1.78 2.85 1.88 1.62
NOR 11:00 1500 3 LILLESTROM 2.30 3.35 2.50 ODDS BK 1.36 1.20 1.43 2.85 2.12 3.05 2.60 2.45 2.80 3.75 6.00 25.00 14.00 5.50 14.00 28.00 6.25 4.10 3.90 1.12 1.92 1.58 1.30 2.60 3.90 1.78 2.60 1.48 2.10
NOR 11:00 1501 3 SANDEFJORD 4.70 3.60 1.55 ROSENBURGO 2.04 1.17 1.08 4.60 2.12 2.18 4.25 2.45 1.98 7.25 9.75 40.00 16.00 5.25 15.00 23.00 4.40 2.55 3.90 1.12 1.92 1.58 1.32 2.50 3.90 1.85 2.50 1.55 1.95
NOR 11:00 1502 3 SARPSBORG 2.18 3.15 2.85 KRISTIANSUND 1.29 1.24 1.50 2.80 2.00 3.45 2.55 2.30 3.15 3.50 5.25 25.00 14.00 4.75 14.00 28.00 6.75 4.75 3.30 1.18 1.68 1.82 1.20 3.10 3.30 1.75 3.10 1.62 1.88
NOR 11:00 1503 3 STABAEK 2.20 3.35 2.65 BRANN 1.33 1.20 1.48 2.60 2.15 3.30 2.40 2.45 3.05 3.30 5.50 25.00 14.00 5.50 14.00 28.00 7.00 4.60 4.00 1.10 1.95 1.55 1.35 2.45 4.00 1.85 2.45 1.45 2.15
NOR 11:00 1504 3 STROMSGODSET 2.15 3.25 2.80 TROMSO 1.29 1.22 1.50 2.75 2.12 3.20 2.55 2.40 2.95 3.60 5.75 25.00 13.00 5.25 14.00 28.00 6.50 4.40 3.90 1.12 1.92 1.58 1.32 2.50 3.90 1.85 2.50 1.48 2.10
NOR 11:00 1505 3 VIKINGO 1.81 3.40 3.50 MJONDALEN 1.18 1.19 1.72 2.35 2.12 4.00 2.15 2.40 3.70 2.85 4.75 23.00 14.00 5.25 15.00 32.00 8.25 6.00 3.90 1.12 1.88 1.62 1.28 2.70 3.90 1.75 2.70 1.55 1.95
AMI 12:00 1509 1 TURQUIA 1.23 4.75 8.00 AZERBAIJAN - 1.07 2.98 1.62 2.25 8.00 1.48 2.70 7.50 1.75 3.75 20.00 19.00 6.50 21.00 50.00 19.00 16.00 4.00 1.08 2.00 1.52 1.28 2.50 4.00 1.80 2.50 1.92 1.58
DEN2 12:00 1506 3 HVIDOVRE 2.08 3.15 2.85 HOBRO 1.25 1.20 1.50 2.50 2.05 3.35 2.30 2.35 3.10 3.15 5.25 23.00 14.00 5.25 14.00 28.00 7.00 4.75 3.75 1.10 1.88 1.62 1.25 2.60 3.75 1.80 2.60 1.52 2.00
DEN2 12:00 1507 3 KOLDING 1.95 3.30 3.00 SKIVE 1.23 1.18 1.57 2.65 2.05 3.20 2.40 2.35 2.95 3.30 5.50 25.00 14.00 5.50 14.00 28.00 6.50 4.25 3.50 1.12 1.80 1.70 1.20 2.85 3.50 1.78 2.85 1.58 1.92
DEN2 12:00 1508 3 VENDSYSSEL 1.47 3.70 5.00 FREMAD AMAGER 1.05 1.14 2.13 1.90 2.10 5.25 1.75 2.45 5.00 2.20 4.00 21.00 15.00 5.75 16.00 40.00 11.50 9.00 3.50 1.12 1.82 1.68 1.22 2.75 3.50 1.80 2.75 1.78 1.72
NOR 13:00 1514 3 MOLDE 1.81 3.45 3.50 VALERENGA 1.19 1.19 1.74 2.30 2.15 3.90 2.12 2.50 3.60 2.80 4.90 22.00 14.00 5.50 14.00 32.00 8.25 6.00 4.00 1.10 2.05 1.50 1.35 2.45 4.00 1.85 2.45 1.48 2.10
FRPO 13:45 1691 1 TOULOUSE 2.40 3.00 2.70 NANTES 1.33 1.27 1.42 3.05 1.92 3.35 2.75 2.18 3.05 4.00 5.75 25.00 14.00 4.40 14.00 28.00 6.25 4.50 2.85 1.25 1.55 1.95 1.15 3.50 2.85 1.78 3.50 1.70 1.80
EGY 14:00 1518 3 AL MOKAW. AL ARAB 4.60 2.85 1.70 PYRAMIDS 1.76 1.24 1.06 5.25 1.80 2.30 4.75 2.10 2.05 - - - - - - - - - 2.75 1.22 1.52 2.00 1.10 3.75 2.75 1.62 3.75 1.85 1.65
IT2P 14:30 1519 3 UNIONE VENEZIA 1.92 3.00 3.60 CITTADELLA 1.17 1.25 1.64 2.60 1.90 4.30 2.30 2.15 3.90 3.20 4.75 25.00 15.00 4.25 15.00 28.00 8.00 6.25 2.70 1.28 1.50 2.05 1.12 3.90 2.70 1.75 3.90 1.85 1.65
MEXP 15:00 210 1 SANTOS LAGUNA 2.45 3.35 2.65 CRUZ AZUL 1.42 1.27 1.48 2.95 2.02 3.15 2.70 2.30 2.90 3.90 5.75 25.00 14.00 4.90 14.00 28.00 6.25 4.25 3.30 1.18 1.75 1.82 1.22 3.00 3.30 1.78 3.00 1.58 1.92
VEN 16:00 1521 3 TRUJILLANOS 3.00 3.00 1.85 HERMANOS COLMENAREZ 1.50 1.14 1.14 3.60 2.05 2.45 3.30 2.35 2.20 5.25 7.25 28.00 14.00 4.75 14.00 23.00 4.90 3.05 4.25 1.06 1.95 1.45 1.35 2.25 4.25 1.75 2.25 1.42 2.25
CLA 17:00 1522 1 DEFENSA JUSTICIA 2.20 3.10 2.80 INDEP. JOSE TERAN 1.29 1.23 1.47 2.70 2.05 3.45 2.45 2.35 3.20 3.45 5.25 25.00 14.00 4.90 14.00 28.00 7.00 4.90 3.50 1.15 1.58 1.92 1.25 2.85 3.50 1.78 2.85 1.55 1.95
CLA 17:00 1523 1 PALMEIRAS 1.21 6.00 11.50 UNIVERSITARIO 1.01 1.09 3.94 1.55 2.55 9.00 1.40 3.10 8.50 1.62 3.90 21.00 21.00 8.00 23.00 50.00 23.00 19.00 4.75 1.06 2.20 1.52 1.45 2.15 4.75 1.90 2.15 1.88 1.62
CSA 17:15 1524 1 ARSENAL SARANDI 1.30 4.00 7.25 BOLIVAR - 1.10 2.58 1.78 2.10 7.00 1.60 2.50 6.75 1.95 3.75 20.00 17.00 5.75 18.00 40.00 16.00 13.00 3.20 1.15 1.70 1.80 1.18 3.00 3.20 1.80 3.00 2.05 1.50
CSA 17:15 1525 1 JORGE WILSTERMANN 3.40 3.30 1.80 CEARA 1.67 1.18 1.16 4.00 1.95 2.40 3.60 2.25 2.15 5.75 8.00 32.00 15.00 5.00 14.00 22.00 4.75 2.85 2.85 1.20 1.60 1.90 1.12 3.50 2.85 1.78 3.50 1.78 1.72
VEN 18:15 1526 3 GRAN VALENCIA MARACAY FC 2.15 3.20 2.35 DEPOR LARA 1.29 1.12 1.35 2.85 2.00 3.05 2.60 2.25 2.80 3.60 5.75 25.00 13.00 5.25 13.00 28.00 6.00 3.90 2.75 1.22 1.50 1.85 1.10 3.75 2.75 1.62 3.75 1.78 1.72
VEN 18:15 1527 3 MONAGAS 1.85 3.00 3.00 ATLETICO VENEZUELA 1.14 1.14 1.50 2.55 1.90 3.75 2.30 2.20 3.45 3.10 4.75 25.00 14.00 4.60 14.00 28.00 7.25 5.25 2.60 1.25 1.45 1.95 1.08 4.00 2.60 1.62 4.00 1.85 1.65
CLA 19:00 1528 1 FLAMENGO 1.45 4.00 5.25 VELEZ SARSFIELD 1.06 1.14 2.27 1.90 2.30 5.40 1.72 2.65 5.10 2.15 4.25 20.00 15.00 6.00 17.00 40.00 12.50 9.75 4.75 1.06 2.10 1.48 1.45 2.15 4.75 1.90 2.15 1.52 2.00
CLA 19:00 1529 1 LDU QUITO 1.30 4.60 6.75 UNION LA CALERA 1.01 1.09 2.74 1.72 2.40 6.25 1.58 2.85 6.00 1.90 4.10 19.00 17.00 7.50 18.00 50.00 16.00 11.50 4.00 1.10 2.05 1.50 1.35 2.45 4.00 1.85 2.45 1.72 1.78
CSA 19:30 1530 1 ATLETICO PR 1.30 4.00 7.25 AUCAS - 1.10 2.58 1.78 2.10 7.25 1.60 2.45 6.75 1.95 3.75 20.00 17.00 5.75 18.00 40.00 16.00 13.00 2.85 1.20 1.60 1.90 1.12 3.50 2.85 1.78 3.50 2.15 1.45
CSA 19:30 1531 1 LA EQUIDAD 3.25 3.00 1.95 GREMIO 1.56 1.22 1.18 3.90 1.90 2.55 3.50 2.15 2.30 5.50 7.25 28.00 15.00 4.40 14.00 25.00 4.75 3.20 3.00 1.18 1.60 1.90 1.12 3.50 3.00 1.72 3.50 1.70 1.80
CSA 19:30 1532 1 LANUS 1.12 5.75 11.00 ARAGUA - 1.02 3.78 1.48 2.50 9.25 1.35 3.05 9.00 1.55 3.75 18.00 20.00 8.75 23.00 60.00 25.00 19.00 4.00 1.08 1.95 1.55 1.28 2.50 4.00 1.80 2.50 2.25 1.42
CSA 19:30 1533 1 MELGAR 1.40 4.50 7.00 METROPOLITANOS 1.07 1.17 2.74 1.78 2.15 6.50 1.60 2.55 6.00 1.95 3.90 20.00 16.00 6.50 17.00 40.00 15.00 11.00 3.20 1.15 1.75 1.85 1.15 3.20 3.20 1.75 3.20 2.00 1.52
