CZEC 10:00 1564 3 VIKTORIA PLZEN 5.75 4.10 1.35 SLAVIA PRAGUE 2.39 1.09 1.02 5.50 2.30 1.78 5.25 2.70 1.62 9.75 13.00 40.00 16.00 6.50 15.00 18.00 4.10 2.00 4.25 1.06 2.10 1.48 1.35 2.25 4.25 1.90 2.25 1.62 1.88
PE2 11:00 1805 3 FC CARLOS STEIN 1.45 3.60 5.50 DEPORTIVO LLACUABAMBA 1.03 1.15 2.18 - - - - - - - - - - - - - - - - - 2.05 1.50 - - - - - - -
DEN 11:00 1568 3 HORSENS 3.00 3.25 2.05 SONDERJYSKE 1.56 1.22 1.26 3.60 2.00 2.70 3.25 2.30 2.45 4.90 7.00 28.00 15.00 4.90 14.00 25.00 5.25 3.35 3.10 1.20 1.72 1.78 1.18 3.30 3.10 1.75 3.30 1.68 1.82
DEN 11:00 1569 3 LYNGBY 3.10 3.50 1.92 ODENSE 1.64 1.19 1.24 3.50 2.20 2.45 3.25 2.55 2.25 5.25 7.75 28.00 14.00 5.50 14.00 23.00 5.25 3.00 4.75 1.06 2.00 1.52 1.42 2.25 4.75 1.85 2.25 1.40 2.30
NOR2 11:00 1580 3 GRORUD 2.10 3.30 2.70 STROMMEN 1.28 1.18 1.49 - - - - - - - - - - - - - - - - - - - - - - - - - -
NOR2 11:00 1581 3 ULLENSAKER KISA 2.66 3.24 2.15 ASANE 1.46 1.19 1.29 - - - - - - - - - - - - - - - - - - - - - - - - - -
NOR2 11:00 1670 3 FREDRIKSTAD 1.73 3.47 3.51 SANDNES 1.15 1.16 1.74 - - - - - - - - - - - - - - - - - - - - - - - - - -
BEL 11:30 1584 1 GENK 1.75 3.50 3.60 ANTWERP 1.17 1.18 1.77 2.18 2.30 3.90 2.00 2.65 3.70 2.60 4.90 19.00 14.00 6.25 15.00 32.00 9.00 6.00 4.75 1.06 1.95 1.55 1.45 2.15 4.75 1.90 2.15 1.42 2.25
SUE 11:30 1587 3 MALMO 1.52 3.90 4.60 ELFSBURGO 1.09 1.14 2.11 1.98 2.25 5.00 1.80 2.65 4.70 2.25 4.25 20.00 15.00 6.25 16.00 40.00 11.50 8.25 4.00 1.10 2.15 1.45 1.35 2.45 4.00 1.85 2.45 1.58 1.92
HOLP 11:45 1806 3 NEC 2.02 3.25 2.90 RODA 1.25 1.19 1.53 2.50 2.10 3.35 2.30 2.40 3.10 3.20 5.25 23.00 13.00 5.00 14.00 28.00 7.00 4.90 4.25 1.06 2.05 1.50 1.35 2.25 4.25 1.90 2.25 1.42 2.25
ING2 12:00 1304 1 TRANMERE 2.20 3.00 2.90 MORECAMBE 1.27 1.25 1.47 2.90 1.95 3.40 2.65 2.20 3.10 3.75 5.50 25.00 14.00 4.60 14.00 28.00 6.50 4.60 2.85 1.25 1.58 1.92 1.15 3.50 2.85 1.78 3.50 1.72 1.78
ESP2 12:00 1593 3 MALAGA 3.30 2.90 2.10 GIRONA 1.54 1.28 1.22 4.10 1.82 2.80 3.70 2.08 2.50 5.75 7.25 28.00 16.00 4.00 15.00 25.00 5.00 3.50 2.45 1.35 1.40 2.30 1.08 4.50 2.45 1.75 4.50 1.92 1.58
ESP2 12:00 1594 3 SPORTING GIJON 1.60 3.10 5.25 LAS PALMAS 1.06 1.23 1.95 2.20 1.92 5.75 1.95 2.20 5.25 2.60 4.00 23.00 16.00 4.25 17.00 40.00 11.00 10.00 3.00 1.22 1.55 1.95 1.15 3.50 3.00 1.72 3.50 1.88 1.62
ROM 12:30 1602 3 FC CLINCENI 3.60 3.10 1.82 ACS SEPSI 1.67 1.21 1.15 4.10 1.90 2.45 3.75 2.15 2.20 6.00 7.75 32.00 15.00 4.40 14.00 22.00 4.50 2.95 2.85 1.20 1.58 1.92 1.12 3.50 2.85 1.62 3.50 1.78 1.72
DEN 13:00 1609 3 AARHUS 2.15 3.40 2.70 BRONDBY 1.32 1.20 1.50 2.85 2.08 3.15 2.60 2.35 2.90 3.60 5.75 25.00 14.00 5.25 14.00 28.00 6.50 4.25 3.50 1.15 1.92 1.58 1.22 3.00 3.50 1.72 3.00 1.58 1.92
PE2 13:15 1807 3 UNION HUARAL 2.30 3.10 2.50 SANTOS FC ICA 1.32 1.20 1.38 - - - - - - - - - - - - - - - - - 1.70 1.80 - - - - - - -
NOR 13:30 1617 3 ROSENBURGO 1.33 4.40 6.50 BRANN 1.02 1.10 2.62 1.75 2.40 6.25 1.60 2.80 5.90 1.95 4.10 19.00 16.00 7.00 18.00 40.00 15.00 11.50 4.50 1.08 2.15 1.45 1.40 2.30 4.50 1.85 2.30 1.65 1.85
BEL 14:00 1620 1 ANDERLECHT 2.60 3.30 2.25 CLUB BRUGGE 1.45 1.21 1.34 3.15 2.08 2.85 2.90 2.40 2.60 4.25 6.50 28.00 14.00 5.25 14.00 25.00 5.75 3.75 3.50 1.15 1.85 1.65 1.25 2.85 3.50 1.78 2.85 1.55 1.95
HOLP 14:00 1808 3 EMMEN 1.65 3.45 4.00 NAC BREDA 1.12 1.17 1.85 2.10 2.15 4.25 1.90 2.45 3.90 2.55 4.50 20.00 14.00 5.50 15.00 35.00 9.25 6.75 4.60 1.04 2.15 1.45 1.38 2.20 4.60 1.90 2.20 1.45 2.15
SPLP 14:15 1809 3 DUNDEE 3.40 3.40 1.85 KILMARNOCK 1.70 1.20 1.20 3.90 2.10 2.40 3.60 2.40 2.20 5.75 8.00 32.00 14.00 5.25 14.00 23.00 4.90 2.95 3.50 1.15 1.82 1.68 1.25 2.85 3.50 1.78 2.85 1.60 1.90
ESP2 14:30 1622 3 RAYO VALLECANO 1.70 3.20 4.50 OVIEDO 1.11 1.23 1.87 2.30 1.95 5.00 2.05 2.25 4.60 2.70 4.25 23.00 15.00 4.50 16.00 40.00 9.75 8.00 2.85 1.25 1.55 1.95 1.15 3.50 2.85 1.78 3.50 1.85 1.65
ESP2 14:30 1623 3 ZARAGOZA 2.00 2.90 3.60 CD CASTELLON 1.18 1.29 1.61 2.65 1.85 4.30 2.40 2.10 3.90 3.35 4.75 25.00 15.00 4.00 15.00 28.00 7.75 6.50 2.60 1.30 1.45 2.15 1.10 4.00 2.60 1.78 4.00 1.88 1.62
PE2 15:30 1824 3 JUAN AURICH 1.40 3.75 6.00 MOLINOS EL PIRATA 1.02 1.14 2.31 - - - - - - - - - - - - - - - - - 1.95 1.55 - - - - - - -
CLA 17:00 1629 1 ARGENTINOS JR 1.63 3.45 4.30 ATLETICO NACIONAL 1.11 1.18 1.91 2.20 2.05 4.80 1.98 2.40 4.40 2.55 4.40 23.00 15.00 5.25 16.00 40.00 9.75 7.50 3.30 1.18 1.70 1.80 1.20 3.10 3.30 1.75 3.10 1.72 1.78
CSA 17:15 1630 1 12 DE OCTUBRE 3.30 3.20 1.85 SAN LORENZO 1.62 1.19 1.17 3.90 1.95 2.45 3.60 2.25 2.20 5.50 7.75 28.00 14.00 4.90 14.00 25.00 4.75 3.00 3.00 1.18 1.65 1.85 1.15 3.20 3.00 1.80 3.20 1.70 1.80
CSA 17:15 1631 3 CEARA 1.35 3.90 6.25 BOLIVAR - 1.11 2.40 1.85 2.05 6.50 1.65 2.45 6.00 2.05 3.90 20.00 16.00 5.75 17.00 40.00 14.00 11.00 2.85 1.20 1.60 1.90 1.12 3.50 2.85 1.78 3.50 2.10 1.48
CSA 17:15 1632 1 NEWELLS OLD BOYS 1.55 3.50 4.40 PALESTINO 1.07 1.15 1.95 2.10 2.00 4.90 1.90 2.30 4.60 2.45 4.25 22.00 15.00 5.25 15.00 40.00 10.00 7.50 2.75 1.22 1.55 1.95 1.10 3.75 2.75 1.75 3.75 1.95 1.55
CLA 19:00 1634 1 BOCA JUNIORS 1.28 4.30 8.25 BARCELONA GUA - 1.11 2.83 1.98 2.12 5.90 1.78 2.45 5.50 2.20 4.00 22.00 16.00 5.50 17.00 40.00 12.50 10.00 3.30 1.18 1.68 1.82 1.20 3.10 3.30 1.75 3.10 1.88 1.62
CLA 19:00 1635 1 OLIMPIA ASUNCION 3.20 3.20 1.98 INTERNACIONAL 1.60 1.22 1.22 3.75 2.02 2.55 3.45 2.30 2.35 5.50 7.50 28.00 15.00 4.75 14.00 25.00 5.00 3.20 3.30 1.18 1.72 1.78 1.22 3.00 3.30 1.78 3.00 1.60 1.90
MEXP 19:00 1825 1 PACHUCA 2.75 3.15 2.15 CRUZ AZUL 1.47 1.21 1.28 3.45 1.98 2.80 3.15 2.25 2.55 4.60 6.75 28.00 15.00 4.75 14.00 25.00 5.50 3.60 3.00 1.22 1.60 1.90 1.15 3.50 3.00 1.72 3.50 1.70 1.80
MEXP 19:00 1823 1 SANTOS LAGUNA 1.55 3.40 5.50 PUEBLA 1.06 1.21 2.10 2.08 2.00 5.75 1.88 2.35 5.40 2.40 4.00 23.00 16.00 4.75 18.00 40.00 11.50 10.00 3.10 1.20 1.65 1.85 1.18 3.30 3.10 1.75 3.30 1.85 1.65
CSA 19:30 1636 1 ARAGUA 8.75 4.60 1.22 GREMIO 3.01 1.07 - 7.75 2.30 1.62 7.50 2.75 1.48 16.00 19.00 50.00 21.00 6.75 19.00 20.00 3.75 1.72 4.00 1.08 1.95 1.55 1.28 2.50 4.00 1.80 2.50 1.92 1.58
CSA 19:30 1637 1 CORINTHIANS 1.19 6.25 12.50 SPORT HUANCAYO - 1.09 4.17 1.48 2.50 9.75 1.35 3.05 9.50 1.55 3.75 18.00 20.00 8.75 23.00 60.00 25.00 20.00 3.75 1.10 1.95 1.65 1.25 2.60 3.75 1.80 2.60 2.35 1.38
CSA 19:30 1638 1 GUABIRA 5.40 3.50 1.45 TORQUE 2.12 1.14 1.03 5.50 2.05 1.95 5.25 2.40 1.75 9.75 12.00 40.00 17.00 5.25 16.00 22.00 4.00 2.20 3.75 1.10 1.85 1.65 1.25 2.60 3.75 1.80 2.60 1.70 1.80
CSA 19:30 1639 1 LANUS 1.50 3.50 4.90 LA EQUIDAD 1.05 1.15 2.04 2.05 2.00 5.25 1.85 2.30 4.90 2.30 4.00 22.00 15.00 5.00 16.00 40.00 11.00 8.50 2.75 1.22 1.55 1.95 1.10 3.75 2.75 1.75 3.75 1.95 1.55
AUS 04:05 1643 3 NEWCASTLE JETS 2.80 3.20 2.18 BRISBANE ROAR 1.49 1.23 1.30 3.30 2.05 2.75 3.05 2.35 2.55 4.60 6.75 28.00 14.00 4.90 14.00 25.00 5.50 3.60 3.50 1.15 1.85 1.65 1.28 2.70 3.50 1.85 2.70 1.52 2.00
COR 05:30 1652 3 SUWON CITY 1.78 3.15 3.70 INCHEON UTD 1.14 1.20 1.70 2.35 1.90 4.25 2.15 2.20 3.90 2.90 4.50 22.00 14.00 4.60 15.00 32.00 8.25 6.25 2.85 1.20 1.62 1.88 1.12 3.50 2.85 1.78 3.50 1.80 1.70
