AL2 08:30 1634 1 HOLSTEIN KIEL 1.48 4.00 4.80 REGENSBURG 1.08 1.13 2.18 1.95 2.30 5.00 1.78 2.65 4.75 2.20 4.25 19.00 15.00 6.50 16.00 40.00 11.50 8.25 4.00 1.10 2.10 1.48 1.32 2.50 4.00 1.80 2.50 1.62 1.88
BEL 08:30 1635 1 GENT 1.70 3.70 3.60 OOSTANDE 1.16 1.15 1.82 2.18 2.30 3.90 2.02 2.65 3.70 2.65 4.90 20.00 14.00 6.00 15.00 32.00 9.00 6.00 5.00 1.05 2.15 1.45 1.50 2.05 5.00 1.95 2.05 1.38 2.35
BUL 09:30 1642 3 FC TRARSKO SELO SOFIA 1.65 3.35 4.10 BOTEV PLOVDIV 1.11 1.18 1.84 2.40 1.95 4.10 2.15 2.25 3.75 - - - - - - - - - 2.75 1.22 1.55 1.95 1.10 3.75 2.75 1.62 3.75 1.85 1.65
SUE 10:00 1644 2 HALMSTAD 2.30 2.90 2.85 MJALLBY 1.28 1.27 1.44 2.80 1.92 3.70 2.55 2.18 3.35 3.60 5.25 25.00 15.00 4.40 15.00 28.00 7.00 5.25 2.85 1.25 1.58 1.92 1.15 3.50 2.85 1.78 3.50 1.72 1.78
BEL 11:00 1646 1 STANDARD LIEGE 2.15 3.50 2.65 MECHELEN 1.33 1.19 1.51 2.55 2.20 3.20 2.35 2.55 3.00 3.20 5.50 23.00 14.00 6.00 14.00 28.00 7.00 4.50 4.50 1.08 2.10 1.48 1.38 2.35 4.50 1.80 2.35 1.42 2.25
UKC 11:00 1650 1 DYNAMO KIEV 1.63 3.45 4.40 ZORIA LUHANSK 1.11 1.19 1.93 2.20 2.12 4.50 2.00 2.45 4.20 2.55 4.50 23.00 15.00 5.50 15.00 40.00 9.25 6.75 3.50 1.15 1.80 1.70 1.25 2.85 3.50 1.78 2.85 1.65 1.85
BEL 11:30 1651 1 ANTWERP 3.50 3.60 1.75 CLUB BRUGGE 1.77 1.17 1.18 3.90 2.20 2.25 3.70 2.55 2.05 6.00 8.75 32.00 15.00 5.75 14.00 22.00 4.90 2.70 4.50 1.08 2.10 1.48 1.38 2.35 4.50 1.80 2.35 1.45 2.15
SUE 11:30 1652 2 AIK ESTOCOLMO 3.25 3.10 2.00 MALMO 1.59 1.24 1.22 3.80 2.00 2.60 3.50 2.30 2.35 5.50 7.50 28.00 15.00 4.60 14.00 25.00 5.00 3.25 3.30 1.18 1.72 1.78 1.22 3.00 3.30 1.78 3.00 1.60 1.90
SUE 11:30 1653 3 NORRKOPING 1.45 4.00 5.10 DEGERFORS 1.06 1.13 2.24 1.88 2.30 5.50 1.70 2.70 5.25 2.10 4.25 19.00 15.00 6.50 16.00 40.00 13.00 9.50 4.00 1.10 2.00 1.52 1.32 2.50 4.00 1.80 2.50 1.68 1.82
INPL 12:00 1656 1 ASTON VILLA 2.50 3.20 2.55 EVERTON 1.40 1.26 1.42 3.05 2.08 3.15 2.80 2.35 2.85 4.00 6.00 25.00 14.00 4.75 14.00 25.00 6.00 4.10 3.50 1.15 1.82 1.68 1.25 2.85 3.50 1.85 2.85 1.52 2.00
ESP 12:00 1655 1 VALLADOLID 3.60 3.25 1.90 VILLARREAL 1.71 1.24 1.20 4.00 1.95 2.70 3.70 2.25 2.40 5.75 7.50 28.00 15.00 4.40 15.00 25.00 4.90 3.30 3.00 1.22 1.62 1.88 1.18 3.30 3.00 1.85 3.30 1.70 1.80
BUL 12:00 1654 3 LEVSKI SOFIA 2.45 2.90 2.55 CHERNO MORE 1.33 1.25 1.36 3.20 1.78 3.35 2.85 2.00 3.00 - - - - - - - - - 2.40 1.30 1.42 2.25 1.06 4.25 2.40 1.68 4.25 1.88 1.62
ARGC 12:10 1657 3 BOCA UNIDOS 7.00 4.00 1.30 GODOY CRUZ 2.55 1.10 - 6.75 2.15 1.78 6.50 2.50 1.60 12.50 15.00 40.00 18.00 6.00 17.00 20.00 3.75 1.95 3.20 1.15 1.75 1.75 1.18 3.00 3.20 1.80 3.00 1.95 1.55
ESP 13:00 1658 1 EIBAR 2.50 3.15 2.55 BETIS 1.39 1.26 1.41 3.05 2.08 3.10 2.80 2.40 2.85 4.00 6.00 25.00 14.00 5.00 14.00 25.00 6.00 4.00 3.30 1.18 1.65 1.85 1.22 3.00 3.30 1.85 3.00 1.58 1.92
SVNC 13:00 1660 3 CELJE 2.15 3.15 2.70 KOPER 1.28 1.20 1.45 - - - - - - - - - - - - - - - - - - - - - - - - - -
NOR 13:00 1659 3 ROSENBURGO 1.60 4.00 3.90 VIKINGO 1.14 1.13 1.97 1.92 2.50 4.40 1.75 2.85 4.25 2.20 4.60 17.00 15.00 7.50 16.00 35.00 11.00 7.50 5.50 1.03 2.50 1.32 1.60 1.90 5.50 2.05 1.90 1.38 2.35
ALC 13:45 400 1 RB LEIPZIG 2.50 3.40 2.55 DORTMUND 1.44 1.26 1.46 2.85 2.12 3.05 2.65 2.40 2.80 3.75 5.75 25.00 14.00 5.00 14.00 28.00 6.25 4.10 4.00 1.10 2.00 1.63 1.35 2.45 4.00 1.85 2.45 1.42 2.25
ITA 13:45 1661 1 CROTONE 3.45 3.60 1.85 VERONA 1.76 1.20 1.22 3.90 2.20 2.35 3.60 2.55 2.18 5.50 8.25 32.00 14.00 5.75 14.00 22.00 4.90 2.80 4.00 1.10 1.95 1.55 1.32 2.50 4.00 1.90 2.50 1.50 2.05
INPL 14:15 1663 1 MANCHESTER UTD 3.05 3.60 2.12 LIVERPOOL 1.65 1.25 1.33 3.35 2.20 2.65 3.10 2.50 2.45 4.50 7.00 28.00 14.00 5.50 14.00 25.00 5.50 3.25 4.00 1.10 2.05 1.60 1.35 2.45 4.00 1.90 2.45 1.45 2.15
FRC 14:15 1662 3 VALLIERES 12.50 5.60 1.12 MONACO 3.87 1.03 - 11.00 2.50 1.45 10.50 3.05 1.32 25.00 28.00 75.00 25.00 8.00 23.00 18.00 3.60 1.52 4.25 1.06 2.10 1.48 1.35 2.25 4.25 1.90 2.25 2.15 1.45
ESP 15:00 1668 1 GRANADA 5.75 4.20 1.43 REAL MADRID 2.43 1.15 1.07 5.40 2.30 1.98 5.00 2.65 1.81 8.75 12.00 40.00 16.00 6.00 15.00 21.00 4.25 2.20 3.90 1.12 1.90 1.60 1.32 2.50 3.90 1.90 2.50 1.65 1.85
CLA 17:00 1669 1 VELEZ SARSFIELD 1.40 4.00 5.90 LDU QUITO 1.04 1.13 2.38 2.15 2.08 4.90 1.95 2.40 4.50 2.50 4.25 23.00 15.00 5.25 16.00 40.00 10.00 8.00 3.50 1.15 1.80 1.70 1.25 2.85 3.50 1.78 2.85 1.68 1.82
CSA 17:15 1670 1 ARAGUA 3.60 3.10 1.80 LA EQUIDAD 1.67 1.20 1.14 4.25 1.90 2.40 3.90 2.20 2.15 6.25 8.25 32.00 15.00 4.50 14.00 22.00 4.60 2.90 2.75 1.22 1.55 1.95 1.12 3.50 2.75 1.80 3.50 1.80 1.70
CSA 17:15 1671 1 GREMIO 1.55 3.40 4.75 LANUS 1.06 1.17 1.98 2.10 1.95 5.25 1.90 2.30 4.75 2.40 4.10 22.00 15.00 4.90 16.00 40.00 10.50 8.25 2.85 1.20 1.60 1.90 1.12 3.50 2.85 1.78 3.50 1.88 1.62
CSA 17:15 1672 1 GUABIRA 5.00 3.50 1.50 BAHIA 2.06 1.15 1.05 5.00 2.10 1.95 4.75 2.45 1.78 8.75 11.00 40.00 16.00 5.25 15.00 22.00 4.10 2.25 4.00 1.08 1.95 1.55 1.30 2.40 4.00 1.90 2.40 1.60 1.90
CLA 19:00 1673 1 ALWAYS READY 1.53 3.70 4.80 OLIMPIA ASUNCION 1.08 1.16 2.09 2.12 2.10 5.00 1.92 2.40 4.60 2.45 4.25 22.00 15.00 5.25 16.00 40.00 10.50 8.00 3.30 1.18 1.75 1.75 1.22 3.00 3.30 1.78 3.00 1.72 1.78
CLA 19:00 1674 1 AMERICA DE CALI 2.90 2.90 2.30 ATLETICO MG 1.45 1.28 1.28 3.50 1.92 2.90 3.20 2.18 2.65 5.00 6.50 28.00 14.00 4.10 14.00 25.00 5.50 3.90 3.10 1.20 1.65 1.85 1.20 3.10 3.10 1.80 3.10 1.62 1.88
USA 19:00 1675 1 DC UNITED 2.50 3.30 2.35 CHICAGO 1.42 1.21 1.37 2.95 2.12 2.95 2.70 2.45 2.70 3.90 6.00 25.00 14.00 5.25 14.00 25.00 6.00 3.90 4.00 1.10 1.95 1.55 1.32 2.50 4.00 1.80 2.50 1.45 2.15
ARG2 19:10 1765 3 RAFAELA 1.85 3.00 3.50 TRISTAN SUAREZ 1.14 1.21 1.62 2.50 1.85 4.10 2.25 2.15 3.75 3.00 4.50 25.00 14.00 4.25 15.00 28.00 7.75 6.00 2.60 1.25 1.50 2.05 1.08 4.00 2.60 1.62 4.00 1.85 1.65
CSA 19:30 207 1 LIBERTAD 1.65 3.45 4.00 NEWELLS OLD BOYS 1.12 1.17 1.85 2.20 2.05 4.40 1.95 2.35 4.10 2.60 4.40 22.00 14.00 5.25 15.00 38.00 9.00 6.75 3.20 1.15 1.70 1.80 1.18 3.00 3.20 1.80 3.00 1.72 1.78
CSA 19:30 1676 1 AUCAS 1.90 3.40 3.75 MELGAR 1.22 1.26 1.78 2.30 2.00 4.00 2.10 2.30 3.75 2.85 4.60 22.00 14.00 4.90 14.00 32.00 8.00 6.00 3.50 1.12 1.85 1.75 1.22 2.75 3.50 1.80 2.75 1.60 1.90
CSA 19:30 1677 1 PENAROL 2.70 2.80 2.50 CORINTHIANS 1.37 1.30 1.32 3.25 1.85 3.05 2.95 2.10 2.75 4.60 6.00 25.00 14.00 3.90 14.00 25.00 5.50 4.25 3.00 1.18 1.60 1.90 1.15 3.20 3.00 1.80 3.20 1.62 1.88
CSA 19:30 1745 1 RIVER PLATE (PAR) 1.65 3.50 5.00 SPORT HUANCAYO 1.12 1.24 2.06 2.10 1.95 5.00 1.90 2.30 4.75 2.45 4.10 22.00 15.00 4.75 16.00 40.00 10.50 8.25 3.00 1.18 1.70 1.90 1.15 3.20 3.00 1.80 3.20 1.82 1.68
AUS 04:05 1682 3 MACARTHUR FC 1.55 3.80 4.40 MELBOURNE VICTORY 1.10 1.15 2.04 1.98 2.30 4.70 1.81 2.70 4.40 2.25 4.40 20.00 15.00 6.25 16.00 40.00 11.00 8.00 4.75 1.06 2.30 1.40 1.48 2.10 4.75 1.95 2.10 1.45 2.15
