DK3A 06:00 945 3 HOLSTEBRO 6.25 4.30 1.30 AARHUS FREMAD 2.55 1.08 - 6.25 2.30 1.70 6.00 2.75 1.55 - - - - - - - - - 4.60 1.04 2.15 1.45 1.40 2.15 4.60 1.75 2.15 1.65 1.85
DK3B 06:00 946 3 AB GLADSAXE 1.85 3.20 3.45 ROSKILDE 1.17 1.20 1.66 2.40 1.95 4.00 2.20 2.20 3.75 - - - - - - - - - 3.00 1.18 1.78 1.72 1.15 3.20 3.00 1.65 3.20 1.68 1.82
DK3B 06:00 947 3 NAESTVED 3.80 3.45 1.68 NYKOBING 1.81 1.16 1.13 4.10 2.10 2.15 3.90 2.40 1.95 - - - - - - - - - 4.00 1.08 1.92 1.58 1.28 2.50 4.00 1.68 2.50 1.55 1.95
DK3B 06:00 948 3 SLAGELSE 1.72 3.15 4.00 AVARTA 1.11 1.20 1.76 2.30 1.95 4.25 2.05 2.25 4.00 - - - - - - - - - 3.20 1.15 1.65 1.85 1.18 3.00 3.20 1.65 3.00 1.68 1.82
DK3A 06:30 949 3 HOLBAEK 4.00 3.60 1.62 THISTED 1.89 1.15 1.12 4.10 2.20 2.05 3.90 2.55 1.90 - - - - - - - - - 4.60 1.04 2.15 1.45 1.40 2.15 4.60 1.75 2.15 1.45 2.15
DK3A 06:30 950 3 VSK ARHUS 1.72 3.40 3.70 NAESBY 1.14 1.17 1.77 2.20 2.10 4.00 2.00 2.40 3.75 - - - - - - - - - 4.00 1.08 1.92 1.58 1.28 2.50 4.00 1.68 2.50 1.52 2.00
DEN 07:00 953 3 ODENSE 1.50 3.90 4.90 HORSENS 1.08 1.15 2.17 1.95 2.20 5.40 1.75 2.60 5.10 2.20 4.10 20.00 15.00 6.25 16.00 40.00 12.00 9.25 3.90 1.12 1.88 1.62 1.28 2.70 3.90 1.75 2.70 1.72 1.78
DEN 07:00 954 3 SONDERJYSKE 2.60 3.15 2.35 AALBORG 1.42 1.23 1.35 3.20 2.02 2.90 2.90 2.30 2.65 4.25 6.25 28.00 14.00 4.75 14.00 25.00 5.75 3.90 3.50 1.15 1.80 1.70 1.25 2.85 3.50 1.78 2.85 1.55 1.95
DEN 07:00 955 3 VEJLE 1.90 3.45 3.20 LYNGBY 1.23 1.19 1.66 2.40 2.25 3.50 2.20 2.55 3.25 2.95 5.25 21.00 14.00 6.25 14.00 28.00 7.75 5.00 4.50 1.08 2.05 1.50 1.38 2.35 4.50 1.80 2.35 1.45 2.15
DK3A 07:00 956 3 BRABRAND IF 2.30 3.15 2.50 FREM 1.33 1.20 1.39 2.85 2.00 3.05 2.60 2.30 2.80 - - - - - - - - - 3.50 1.12 1.85 1.65 1.22 2.75 3.50 1.65 2.75 1.52 2.00
DK3B 07:00 957 3 AB TAARNBY 4.40 3.50 1.55 FA 2000 1.95 1.15 1.07 4.40 2.10 2.10 4.10 2.40 1.90 - - - - - - - - - 4.00 1.08 1.92 1.58 1.28 2.50 4.00 1.68 2.50 1.55 1.95
DK3B 08:00 962 3 SKOVSHOVED IF 2.10 3.30 2.70 BRONSHOJ 1.28 1.18 1.49 2.60 2.10 3.15 2.40 2.40 2.90 - - - - - - - - - 4.00 1.08 2.00 1.52 1.32 2.35 4.00 1.75 2.35 1.45 2.15
NOR 08:00 964 3 ODDS BK 1.78 3.30 3.75 SARPSBORG 1.16 1.21 1.76 2.35 2.05 4.30 2.12 2.35 4.00 2.80 4.60 23.00 14.00 5.00 15.00 32.00 8.75 6.75 3.30 1.18 1.72 1.78 1.22 3.00 3.30 1.78 3.00 1.65 1.85
DEN 10:00 972 3 BRONDBY 1.30 4.60 6.75 NORDSJAELLAND 1.01 1.09 2.74 1.78 2.40 5.75 1.62 2.85 5.50 2.00 4.25 18.00 16.00 7.25 17.00 40.00 14.00 10.50 4.75 1.06 2.25 1.42 1.42 2.25 4.75 1.85 2.25 1.60 1.90
DEN 10:00 973 3 MIDTJYLLAND 1.47 3.90 5.10 AARHUS 1.07 1.14 2.21 1.98 2.25 5.00 1.80 2.65 4.70 2.25 4.25 20.00 15.00 6.25 16.00 40.00 11.50 8.25 4.00 1.10 1.95 1.55 1.32 2.50 4.00 1.80 2.50 1.62 1.88
DEN 10:00 974 3 RANDERS 4.70 3.90 1.50 FC COPENHAGEN 2.13 1.14 1.08 4.80 2.30 1.98 4.60 2.65 1.80 8.00 11.00 40.00 16.00 6.25 15.00 20.00 4.40 2.25 4.50 1.08 2.10 1.48 1.38 2.35 4.50 1.80 2.35 1.55 1.95
NOR 11:00 982 3 BRANN 4.10 3.80 1.60 BODO GLIMT 1.97 1.15 1.13 4.20 2.30 2.10 3.90 2.65 1.92 6.75 9.50 38.00 15.00 6.00 15.00 20.00 4.60 2.50 5.00 1.05 2.35 1.38 1.50 2.05 5.00 1.95 2.05 1.40 2.30
NOR 11:00 983 2 HAUGESUND 2.00 3.20 3.15 STABAEK 1.23 1.22 1.59 2.60 2.02 3.75 2.35 2.30 3.45 3.25 5.00 25.00 14.00 4.90 14.00 28.00 7.25 5.25 3.30 1.18 1.68 1.82 1.20 3.10 3.30 1.75 3.10 1.65 1.85
NOR 11:00 984 3 KRISTIANSUND 1.75 3.50 3.60 STROMSGODSET 1.17 1.18 1.77 2.25 2.25 4.00 2.05 2.55 3.70 2.70 4.75 21.00 14.00 5.75 15.00 32.00 8.75 6.25 4.50 1.08 2.15 1.45 1.42 2.25 4.50 1.85 2.25 1.42 2.25
NOR 11:00 985 2 LILLESTROM 2.45 3.45 2.30 VIKINGO 1.43 1.19 1.38 2.95 2.18 2.85 2.75 2.50 2.60 3.90 6.25 28.00 14.00 5.50 14.00 25.00 6.00 3.75 4.00 1.10 2.05 1.50 1.35 2.45 4.00 1.85 2.45 1.42 2.25
NOR 11:00 986 3 MJONDALEN 3.90 3.40 1.75 VALERENGA 1.82 1.21 1.16 4.20 2.05 2.40 3.80 2.35 2.15 6.25 8.50 32.00 15.00 5.00 14.00 23.00 4.75 2.90 3.30 1.18 1.72 1.78 1.22 3.00 3.30 1.78 3.00 1.65 1.85
NOR 11:00 987 3 TROMSO 1.60 3.50 4.50 SANDEFJORD 1.10 1.18 1.97 2.25 2.08 4.40 2.05 2.40 4.10 2.70 4.60 23.00 14.00 5.25 15.00 32.00 9.00 6.75 3.50 1.15 1.82 1.68 1.25 2.85 3.50 1.78 2.85 1.62 1.88
SUE 11:30 989 2 ELFSBURGO 2.45 3.25 2.45 NORRKOPING 1.40 1.23 1.40 2.80 2.10 3.15 2.60 2.40 2.90 3.75 5.75 25.00 14.00 4.90 14.00 28.00 6.50 4.40 4.00 1.10 1.92 1.58 1.38 2.35 4.00 1.90 2.35 1.42 2.25
SUE 11:30 990 3 OREBRO 5.90 4.30 1.37 MALMO 2.49 1.11 1.04 4.70 2.20 2.08 4.40 2.55 1.88 7.50 10.50 40.00 16.00 5.75 15.00 22.00 4.40 2.40 3.90 1.12 2.15 1.45 1.30 2.60 3.90 1.78 2.60 1.60 1.90
SUE2 11:30 991 3 TRELLEBURGO 1.98 3.05 3.15 VASTERAS SK 1.20 1.22 1.55 2.55 1.90 3.75 2.30 2.20 3.40 3.25 4.90 25.00 14.00 4.50 14.00 28.00 7.25 5.50 3.00 1.18 1.62 1.88 1.15 3.20 3.00 1.80 3.20 1.68 1.82
SUE2 11:30 992 3 VARNAMO 2.10 3.00 2.95 AKROPOLIS 1.24 1.23 1.49 2.85 1.90 3.35 2.60 2.15 3.05 3.75 5.50 25.00 14.00 4.40 14.00 28.00 6.25 4.50 2.75 1.22 1.58 1.92 1.12 3.50 2.75 1.80 3.50 1.72 1.78
ISR 12:15 1000 3 HAPOEL BNEI SAKHNIN 2.30 3.05 2.60 HAPOEL TEL AVIV 1.31 1.22 1.40 2.90 1.90 3.20 2.65 2.20 2.95 3.75 5.50 25.00 14.00 4.60 14.00 28.00 6.00 4.10 2.60 1.25 1.52 2.00 1.08 4.00 2.60 1.62 4.00 1.82 1.68
NOR 13:00 1001 2 ROSENBURGO 2.08 3.20 3.00 MOLDE 1.26 1.23 1.55 2.60 2.08 3.50 2.40 2.35 3.25 3.35 5.25 25.00 14.00 4.90 14.00 28.00 7.00 5.00 3.90 1.12 1.90 1.60 1.30 2.60 3.90 1.78 2.60 1.48 2.10
URU 13:00 1002 3 RIVER PLATE (URU) 2.50 3.10 2.25 LIVERPOOL M. 1.38 1.18 1.30 3.05 2.00 2.80 2.80 2.30 2.60 4.10 6.00 28.00 13.00 4.75 13.00 25.00 5.50 3.60 3.75 1.10 1.85 1.65 1.25 2.60 3.75 1.68 2.60 1.52 2.00
URU 15:15 1025 3 INSTITUCION ATLETICA SUD AMER 2.15 3.10 2.75 VILLA ESPANOLA 1.27 1.21 1.46 2.75 1.95 3.35 2.50 2.20 3.05 3.45 5.25 25.00 14.00 4.60 14.00 28.00 6.50 4.50 3.00 1.18 1.65 1.85 1.15 3.20 3.00 1.65 3.20 1.65 1.85
ECU 19:00 1027 3 DEPOR MACARA 2.08 3.15 2.85 TECNICO UNIVERSITARIO 1.25 1.20 1.50 2.45 1.90 4.00 2.25 2.15 3.75 3.00 4.60 25.00 14.00 4.40 14.00 28.00 7.75 5.75 2.75 1.22 1.55 1.95 1.12 3.50 2.75 1.65 3.50 1.80 1.70
