CHN 05:00 1208 3 HEBEI CHINA FORTUNE 4.60 3.50 1.55 SHANGHAI SHENHUA 1.99 1.16 1.07 4.90 2.05 2.05 4.60 2.35 1.85 8.00 10.50 40.00 16.00 5.25 15.00 22.00 4.10 2.35 3.20 1.15 1.78 1.72 1.20 2.85 3.20 1.85 2.85 1.72 1.78
CHN 07:00 1212 3 WUHAN ZALL 3.75 3.00 1.82 BEIJING GUOAN 1.67 1.23 1.13 4.25 1.95 2.35 3.90 2.20 2.15 6.50 8.25 32.00 15.00 4.40 14.00 22.00 4.50 2.90 3.20 1.15 1.65 1.85 1.18 3.00 3.20 1.80 3.00 1.65 1.85
RUS 08:30 1224 1 URAL 2.65 2.95 2.45 ROSTOV 1.40 1.27 1.34 3.15 1.95 3.15 2.85 2.20 2.85 4.25 6.00 25.00 15.00 4.50 15.00 25.00 6.00 4.25 3.00 1.22 1.48 2.10 1.18 3.30 3.00 1.78 3.30 1.68 1.82
ROM 08:45 1225 3 VOLUNTARI 2.50 2.55 2.75 CHINDIA TARGOVISTE 1.26 1.31 1.32 3.35 1.65 3.60 2.95 1.90 3.20 4.40 5.50 25.00 15.00 3.35 15.00 25.00 5.75 4.75 2.15 1.40 1.30 2.60 1.01 5.25 2.15 1.68 5.25 2.05 1.50
AL2 11:00 1229 1 HOLSTEIN KIEL 2.02 3.25 3.05 HANNOVER 1.25 1.22 1.57 2.60 2.10 3.50 2.35 2.40 3.25 3.25 5.25 25.00 14.00 5.25 14.00 28.00 7.25 5.00 3.90 1.12 1.92 1.58 1.30 2.60 3.90 1.78 2.60 1.50 2.05
POL 11:00 1233 3 RAKOW CZESTOCHOWA 2.10 3.05 2.90 PIAST GLIWICE 1.24 1.22 1.49 2.70 1.95 3.45 2.45 2.20 3.15 3.45 5.25 25.00 14.00 4.50 14.00 28.00 6.75 4.90 3.20 1.15 1.65 1.85 1.15 3.20 3.20 1.75 3.20 1.65 1.85
POR2 11:00 1234 3 ACADEMICO VISEU 2.15 2.80 3.05 UD VILAFRANQUENSE 1.22 1.26 1.46 2.65 1.85 3.75 2.40 2.10 3.45 3.35 4.90 25.00 14.00 4.25 15.00 28.00 7.00 5.50 2.75 1.22 1.42 2.25 1.10 3.75 2.75 1.75 3.75 1.78 1.72
ROM 11:00 1235 3 CFR CLUJ 1.55 3.20 5.25 ACS SEPSI 1.04 1.20 1.99 2.20 1.80 6.00 1.95 2.05 5.50 2.50 3.75 22.00 16.00 4.00 17.00 38.00 11.00 9.75 2.35 1.32 1.38 2.35 1.04 4.60 2.35 1.65 4.60 2.25 1.42
RUS 11:00 1328 3 SPARTAK MOSCOW 1.25 4.90 7.75 KHIMKI - 1.08 3.00 1.65 2.45 7.25 1.50 2.95 7.00 1.78 4.00 20.00 18.00 7.75 20.00 50.00 18.00 14.00 4.50 1.08 2.15 1.45 1.38 2.35 4.50 1.80 2.35 1.82 1.68
SUE 11:30 1308 2 NORRKOPING 2.15 2.95 3.05 AIK ESTOCOLMO 1.24 1.26 1.50 2.65 1.95 3.90 2.40 2.25 3.60 3.35 4.90 25.00 14.00 4.40 15.00 28.00 7.50 5.75 3.30 1.18 1.60 1.90 1.22 3.00 3.30 1.78 3.00 1.60 1.90
SUE2 11:30 1240 3 TRELLEBURGO 1.88 3.20 3.25 AKROPOLIS 1.18 1.19 1.61 2.55 1.90 3.75 2.30 2.20 3.45 3.15 4.90 25.00 14.00 4.75 14.00 28.00 7.25 5.25 2.75 1.22 1.55 1.95 1.10 3.75 2.75 1.75 3.75 1.80 1.70
SUE2 11:30 1241 2 VARNAMO 2.18 2.95 2.85 GAIS GOTENBORG 1.25 1.24 1.45 2.85 1.90 3.25 2.60 2.15 3.00 3.75 5.50 25.00 14.00 4.25 14.00 28.00 6.25 4.60 3.20 1.15 1.60 1.90 1.18 3.00 3.20 1.80 3.00 1.60 1.90
DEN 12:00 1244 3 NORDSJAELLAND 3.80 3.80 1.65 FC COPENHAGEN 1.90 1.15 1.15 4.00 2.30 2.12 3.80 2.65 1.95 6.25 9.25 35.00 15.00 6.50 14.00 20.00 4.75 2.50 4.75 1.06 2.35 1.38 1.45 2.15 4.75 1.90 2.15 1.42 2.25
ESP2 12:00 1245 3 RAYO VALLECANO 2.40 2.65 3.00 LEGANES 1.26 1.33 1.41 3.25 1.75 3.70 2.90 1.98 3.35 4.40 5.50 25.00 15.00 3.50 15.00 25.00 6.25 5.25 2.45 1.35 1.38 2.35 1.08 4.50 2.45 1.75 4.50 1.88 1.62
POR 12:00 1246 1 PORTIMONENSE 1.78 3.30 3.75 MOREIRENSE 1.16 1.21 1.76 2.40 1.98 4.40 2.18 2.30 4.00 2.90 4.60 23.00 14.00 4.90 15.00 32.00 8.50 6.50 2.85 1.25 1.58 1.92 1.15 3.50 2.85 1.78 3.50 1.82 1.68
ISR 12:15 1248 3 ASHDOD 2.35 2.75 2.75 HAPOEL BEER SHEVA 1.27 1.27 1.38 2.90 1.75 3.90 2.60 2.00 3.45 3.75 4.90 25.00 14.00 3.60 14.00 28.00 6.50 5.25 2.40 1.30 1.40 2.30 1.05 4.50 2.40 1.65 4.50 1.88 1.62
PER 13:00 328 1 DEPOR MUNICIPAL 2.70 3.10 2.30 ALIANZA UNIVERSIDAD 1.44 1.24 1.32 3.40 2.02 3.00 2.95 2.20 2.60 4.75 6.75 30.00 15.00 4.90 15.00 25.00 5.75 4.00 3.20 1.25 1.70 1.88 1.22 3.40 3.20 1.75 3.40 1.75 1.95
AL2 13:30 1252 1 HAMBURGO 1.62 3.40 4.60 NURENBERG 1.10 1.20 1.96 2.18 2.15 4.40 1.98 2.50 4.10 2.55 4.50 22.00 15.00 5.50 15.00 40.00 9.50 6.75 3.90 1.12 2.00 1.52 1.28 2.70 3.90 1.75 2.70 1.60 1.90
ROM 13:30 1253 3 STEAUA BUCAREST 1.17 4.75 11.50 FC CLINCENI - 1.06 3.36 1.60 2.15 10.50 1.45 2.60 10.00 1.68 3.45 20.00 21.00 6.25 23.00 50.00 23.00 20.00 2.75 1.22 1.58 1.92 1.12 3.50 2.75 1.65 3.50 2.85 1.25
ESP 14:00 256 1 BETIS 1.72 3.45 4.10 GRANADA 1.15 1.21 1.87 2.30 2.12 4.60 2.08 2.45 4.25 2.65 4.50 23.00 14.00 5.25 15.00 40.00 9.25 7.00 3.50 1.15 1.78 1.72 1.22 3.00 3.50 1.78 3.00 1.65 1.85
ESP2 14:00 1263 3 SPORTING GIJON 1.63 3.05 5.25 LUGO 1.06 1.24 1.93 2.30 1.80 6.25 2.05 2.08 5.50 2.70 4.00 23.00 17.00 4.00 18.00 40.00 11.00 9.75 2.30 1.40 1.35 2.45 1.05 5.00 2.30 1.78 5.00 2.30 1.40
INPL 14:00 254 1 FULHAM 2.10 3.20 3.10 BURNLEY 1.27 1.25 1.57 2.75 1.95 3.90 2.50 2.25 3.60 3.40 5.00 25.00 15.00 4.40 15.00 28.00 7.25 5.50 2.85 1.25 1.65 1.85 1.15 3.50 2.85 1.85 3.50 1.78 1.72
POR 14:15 1264 1 PORTO 1.25 4.70 8.00 FARENSE - 1.08 2.96 1.68 2.40 7.25 1.53 2.85 7.00 1.80 3.90 21.00 18.00 7.25 20.00 50.00 18.00 14.00 3.90 1.12 1.95 1.55 1.32 2.50 3.90 1.85 2.50 1.90 1.60
URU 18:00 1433 1 DEPORTIVO MALDONADO 3.00 3.10 2.00 LIVERPOOL M. 1.52 1.20 1.22 3.50 2.00 2.55 3.25 2.30 2.30 5.00 7.00 28.00 14.00 4.60 14.00 25.00 5.00 3.15 3.75 1.10 1.85 1.65 1.25 2.60 3.75 1.68 2.60 1.52 2.00
BOL 19:00 1434 2 CD REAL TOMAYAPO 1.70 3.30 3.75 AURORA 1.12 1.17 1.76 2.15 2.10 4.00 2.00 2.45 3.75 2.60 4.50 21.00 14.00 5.00 14.00 32.00 8.50 6.50 4.60 1.04 2.15 1.45 1.40 2.15 4.60 1.75 2.15 1.42 2.25
ECU 19:00 1273 2 GUAYAQUIL CITY 2.08 2.80 3.25 MANTA 1.19 1.27 1.50 2.60 2.00 3.45 2.35 2.25 3.20 3.20 5.00 25.00 14.00 4.75 14.00 28.00 6.75 4.90 3.50 1.12 1.80 1.70 1.20 2.85 3.50 1.62 2.85 1.58 1.92
