BUL 09:30 1202 3 BOTEV PLOVDIV 3.00 2.90 2.12 CHERNO MORE 1.47 1.24 1.22 3.90 1.85 2.70 3.50 2.10 2.40 - - - - - - - - - 2.60 1.25 1.50 2.05 1.08 4.00 2.60 1.62 4.00 1.82 1.68
CZE2 10:00 1204 3 DUKLA PRAGUE 1.57 3.50 4.30 MAS TABORSKO 1.08 1.15 1.93 2.15 2.00 4.60 1.95 2.35 4.25 2.50 4.25 22.00 15.00 5.00 15.00 40.00 9.50 7.25 3.20 1.15 1.72 1.78 1.18 3.00 3.20 1.80 3.00 1.72 1.78
CZE2 10:00 1205 3 SK LISEN 1.63 3.40 4.10 USTI NAD LABEM 1.10 1.17 1.86 2.25 2.00 4.25 2.00 2.35 3.90 2.65 4.50 22.00 14.00 5.00 15.00 32.00 8.75 6.50 3.50 1.12 1.85 1.65 1.22 2.75 3.50 1.80 2.75 1.62 1.88
FIN 10:30 1208 3 HELSINKI 1.28 4.30 7.00 LAHTI - 1.08 2.66 1.70 2.30 6.50 1.55 2.70 6.25 1.85 3.90 20.00 16.00 6.75 18.00 50.00 16.00 12.00 4.00 1.08 1.95 1.55 1.30 2.40 4.00 1.90 2.40 1.80 1.70
PER 11:00 257 1 ALIANZA UNIVERSIDAD 2.80 3.00 2.30 UTC 1.45 1.26 1.30 3.60 1.95 3.05 3.05 2.10 2.60 4.90 6.75 30.00 15.00 4.50 15.00 25.00 5.75 4.00 2.90 1.30 1.60 2.02 1.18 3.75 2.90 1.75 3.75 1.72 1.78
SUE 11:30 1212 3 ELFSBURGO 1.72 3.40 3.90 HALMSTAD 1.14 1.19 1.82 2.35 2.00 4.40 2.15 2.30 4.00 2.85 4.60 23.00 14.00 4.75 15.00 32.00 8.75 6.75 3.10 1.20 1.72 1.78 1.20 3.10 3.10 1.80 3.10 1.70 1.80
SUE 11:30 1213 3 GOTEMBURGO 1.95 3.25 3.25 SIRIUS 1.22 1.22 1.63 2.45 2.02 4.10 2.20 2.30 3.75 3.00 4.75 23.00 14.00 4.75 15.00 32.00 8.00 6.00 3.30 1.18 1.75 1.75 1.22 3.00 3.30 1.78 3.00 1.62 1.88
SUE 11:30 1214 3 MALMO 1.32 4.40 7.00 KALMAR 1.02 1.11 2.70 1.75 2.30 6.75 1.60 2.75 6.50 1.90 3.90 20.00 17.00 6.75 19.00 50.00 16.00 12.50 3.90 1.12 1.95 1.55 1.28 2.70 3.90 1.75 2.70 1.88 1.62
SUE 11:30 1215 2 MJALLBY 2.60 3.05 2.40 HACKEN 1.40 1.25 1.34 3.45 1.92 2.95 3.15 2.18 2.65 4.75 6.50 28.00 14.00 4.40 14.00 25.00 5.50 3.90 2.85 1.25 1.52 2.00 1.15 3.50 2.85 1.78 3.50 1.72 1.78
SUE 11:30 1216 3 OSTERSUNDS 3.40 3.20 1.90 AIK ESTOCOLMO 1.65 1.22 1.19 4.60 1.98 2.35 4.20 2.30 2.10 7.00 9.00 32.00 15.00 4.75 15.00 23.00 4.50 2.80 3.00 1.22 1.62 1.88 1.18 3.30 3.00 1.78 3.30 1.78 1.72
SUE 11:30 1217 3 VARBERGS 3.30 3.40 1.88 NORRKOPING 1.67 1.20 1.21 3.80 2.12 2.40 3.50 2.45 2.18 5.75 8.00 32.00 14.00 5.00 14.00 23.00 4.90 2.95 4.00 1.10 1.92 1.58 1.35 2.45 4.00 1.85 2.45 1.45 2.15
SUE2 11:30 1218 3 VASTERAS SK 2.05 3.15 2.95 VARNAMO 1.24 1.21 1.52 2.50 1.95 3.60 2.30 2.25 3.35 3.15 4.90 25.00 14.00 4.75 14.00 28.00 7.25 5.25 3.20 1.15 1.70 1.80 1.18 3.00 3.20 1.80 3.00 1.62 1.88
AL3 12:00 1219 3 LUBECK 2.35 3.15 2.45 ZWICKAU 1.35 1.20 1.38 2.80 2.05 3.00 2.60 2.30 2.75 3.60 5.75 25.00 13.00 5.25 13.00 28.00 6.25 3.90 3.20 1.15 1.80 1.70 1.18 3.00 3.20 1.80 3.00 1.60 1.90
BUL 12:00 1221 3 LEVSKI SOFIA 1.78 3.25 3.60 FC TRARSKO SELO SOFIA 1.15 1.19 1.71 2.40 2.00 3.90 2.20 2.25 3.50 - - - - - - - - - 3.00 1.18 1.62 1.88 1.15 3.20 3.00 1.65 3.20 1.72 1.78
DEN 12:00 1223 3 SONDERJYSKE 1.88 3.50 3.15 LYNGBY 1.22 1.18 1.66 2.40 2.25 3.50 2.20 2.55 3.25 2.95 5.25 21.00 14.00 5.75 14.00 28.00 7.75 5.00 4.75 1.06 2.10 1.48 1.42 2.25 4.75 1.85 2.25 1.40 2.30
ESP2 12:00 1224 3 OVIEDO 1.95 2.80 3.90 MALAGA 1.15 1.30 1.63 2.65 1.75 5.00 2.35 2.00 4.50 3.25 4.50 25.00 16.00 3.75 16.00 28.00 8.50 7.50 2.25 1.42 1.32 2.50 1.04 5.25 2.25 1.78 5.25 2.15 1.45
INCH 12:00 1821 1 BOURNEMOUTH 2.70 3.20 2.55 BRENTFORD 1.46 1.31 1.42 3.25 1.98 3.10 3.00 2.25 2.85 4.25 6.25 25.00 15.00 4.50 15.00 25.00 5.75 4.10 3.00 1.22 1.60 2.05 1.18 3.30 3.00 1.85 3.30 1.68 1.82
PER 13:15 258 1 SPORT BOYS 3.50 3.30 1.85 ALIANZA LIMA 1.70 1.21 1.19 4.10 2.10 2.50 3.60 2.30 2.15 6.25 8.50 35.00 15.00 5.25 15.00 23.00 5.00 3.10 3.40 1.22 1.78 1.78 1.28 3.00 3.40 1.80 3.00 1.62 1.88
SC1P 13:35 1241 3 EDINBURGH CITY 2.15 3.15 2.75 DUMBARTON 1.28 1.21 1.47 2.70 2.00 3.30 2.45 2.25 3.05 3.45 5.25 25.00 14.00 4.75 14.00 28.00 6.50 4.60 3.20 1.15 1.78 1.72 1.20 2.85 3.20 1.85 2.85 1.58 1.92
ITA 13:45 233 1 VERONA 2.35 2.95 2.85 BOLOGNA 1.31 1.29 1.45 2.95 2.00 3.45 2.70 2.25 3.15 3.90 5.50 25.00 14.00 4.25 14.00 28.00 6.50 4.90 3.50 1.15 1.80 1.70 1.25 2.85 3.50 1.85 2.85 1.52 2.00
ESP2 14:00 1242 3 GIRONA 2.30 2.70 3.10 SPORTING GIJON 1.24 1.32 1.44 3.05 1.75 4.10 2.70 1.98 3.70 4.00 5.00 25.00 15.00 3.60 15.00 28.00 7.00 5.75 2.35 1.38 1.35 2.45 1.06 4.75 2.35 1.78 4.75 1.92 1.58
INCH 14:15 1822 1 BARNSLEY 2.15 3.15 3.40 SWANSEA 1.28 1.32 1.64 2.70 1.92 4.10 2.45 2.20 3.70 3.35 4.90 25.00 15.00 4.40 15.00 28.00 7.50 5.75 2.70 1.28 1.50 2.25 1.10 4.00 2.70 1.78 4.00 1.85 1.65
ARGC 15:10 1254 3 NEWELLS OLD BOYS 1.80 3.20 3.75 SARMIENTO 1.15 1.22 1.73 2.35 1.90 4.25 2.15 2.20 3.90 2.85 4.50 22.00 14.00 4.60 15.00 32.00 8.25 6.25 2.75 1.22 1.55 1.95 1.12 3.50 2.75 1.80 3.50 1.82 1.68
PER 15:30 259 1 ALIANZA ATLETICO 2.25 3.25 2.65 DEPOR. CANTOLAO 1.33 1.22 1.46 2.90 2.10 3.30 2.55 2.30 2.90 3.90 6.00 25.00 14.00 5.25 14.00 30.00 6.75 4.50 3.40 1.22 1.78 1.78 1.25 3.20 3.40 1.75 3.20 1.58 1.92
PAR 17:00 1255 3 NACIONAL ASUNCION 2.90 3.10 2.05 OLIMPIA ASUNCION 1.50 1.20 1.23 3.40 2.00 2.55 3.15 2.30 2.35 4.75 6.75 28.00 14.00 4.60 14.00 25.00 5.00 3.25 3.75 1.10 1.90 1.60 1.28 2.50 3.75 1.72 2.50 1.48 2.10
BOL 19:00 1256 3 BLOOMING 1.65 3.60 3.60 NACIONAL POTOSI 1.13 1.13 1.80 2.10 2.25 3.90 1.95 2.55 3.60 2.50 4.60 19.00 13.00 6.00 14.00 32.00 8.75 6.00 4.75 1.03 2.30 1.40 1.45 2.05 4.75 1.80 2.05 1.40 2.30
ECU 19:00 1257 3 TECNICO UNIVERSITARIO 1.60 3.30 4.25 ORENSE SC 1.08 1.16 1.86 2.15 2.00 4.60 1.95 2.30 4.40 2.45 4.10 22.00 14.00 4.90 15.00 38.00 9.50 7.25 3.20 1.15 1.75 1.75 1.20 2.85 3.20 1.70 2.85 1.68 1.82
