COR 00:00 502 3 DAEGU FC 1.68 3.25 4.10 INCHEON UTD 1.11 1.19 1.81 2.40 1.85 4.40 2.15 2.10 4.00 2.95 4.50 22.00 15.00 4.25 15.00 32.00 8.25 6.50 2.60 1.25 1.58 1.92 1.08 4.00 2.60 1.78 4.00 1.90 1.60
COR 00:00 503 3 JEJU UTD 1.57 3.25 4.80 SUWON CITY 1.06 1.18 1.94 2.25 1.85 5.25 2.00 2.10 4.75 2.70 4.10 22.00 15.00 4.25 16.00 40.00 9.75 8.25 2.60 1.25 1.55 1.95 1.08 4.00 2.60 1.78 4.00 1.95 1.55
JAP 00:00 504 2 SAGAN TOSU 2.60 2.95 2.45 HIROSHIMA 1.38 1.26 1.34 3.35 1.92 3.05 3.05 2.18 2.75 4.40 6.25 28.00 15.00 4.50 14.00 25.00 5.75 4.00 2.85 1.25 1.45 2.15 1.12 3.90 2.85 1.68 3.90 1.78 1.72
JAP 01:00 508 2 NAGOYA 2.08 3.00 3.15 CEREZO OSAKA 1.23 1.25 1.54 2.70 1.95 3.75 2.45 2.25 3.40 3.40 5.25 25.00 14.00 4.75 15.00 28.00 7.25 5.25 2.85 1.25 1.45 2.15 1.12 3.90 2.85 1.68 3.90 1.80 1.70
AUS 02:05 516 3 NEWCASTLE JETS 4.40 3.90 1.53 SYDNEY 2.07 1.14 1.10 4.40 2.30 2.05 4.20 2.65 1.88 7.00 10.00 38.00 15.00 6.25 15.00 20.00 4.60 2.40 4.50 1.08 2.15 1.45 1.40 2.30 4.50 1.85 2.30 1.50 2.05
COR 02:30 518 3 POHANG STEELERS 1.90 3.15 3.25 GANGWON FC 1.19 1.20 1.60 2.50 1.85 4.10 2.25 2.15 3.75 3.10 4.60 25.00 14.00 4.25 15.00 28.00 7.75 6.00 2.85 1.20 1.62 1.88 1.12 3.50 2.85 1.78 3.50 1.78 1.72
JAP 04:00 527 3 GAMBA OSAKA 5.50 4.25 1.40 KAWASAKI 2.40 1.12 1.05 4.90 2.40 1.90 4.70 2.80 1.72 8.25 12.00 38.00 16.00 7.00 15.00 19.00 4.40 2.15 4.50 1.08 2.10 1.48 1.42 2.25 4.50 1.85 2.25 1.55 1.95
JAP2 04:00 528 3 EHIME 3.70 3.30 1.75 FC RYUKYU 1.74 1.19 1.14 4.00 1.95 2.45 3.75 2.20 2.20 6.00 7.75 28.00 14.00 4.40 14.00 25.00 4.60 2.95 3.20 1.15 1.68 1.82 1.15 3.20 3.20 1.60 3.20 1.65 1.85
AUS 04:10 529 2 WESTERN SYDNEY 2.05 3.40 2.90 WESTERN UNITED FC 1.28 1.20 1.57 2.70 2.05 3.45 2.45 2.35 3.20 3.45 5.25 25.00 14.00 4.75 14.00 28.00 7.00 5.00 3.90 1.12 2.10 1.48 1.30 2.60 3.90 1.78 2.60 1.48 2.10
CHN 05:00 531 3 SHANDONG LUNENG 1.18 5.00 9.00 QINGDAO HAINIU - 1.04 3.21 1.52 2.45 8.25 1.40 2.95 8.00 1.62 3.75 20.00 19.00 8.00 21.00 50.00 22.00 17.00 4.25 1.06 2.00 1.52 1.35 2.25 4.25 1.90 2.25 1.95 1.55
RUS2 05:00 533 3 TOM TOMSK 2.45 2.80 2.60 YENISEY 1.31 1.26 1.35 3.50 1.85 2.80 3.20 2.10 2.55 4.90 6.50 28.00 14.00 4.10 14.00 25.00 5.00 3.60 2.75 1.22 1.50 2.05 1.12 3.50 2.75 1.65 3.50 1.72 1.78
ROM 05:30 1302 3 GAZ METAN MEDIAS 2.40 2.80 2.65 ASTRA GIURGIU 1.29 1.26 1.36 3.10 1.80 3.35 2.80 2.05 3.00 4.10 5.50 25.00 14.00 3.90 14.00 25.00 6.00 4.50 2.60 1.25 1.45 2.15 1.08 4.00 2.60 1.62 4.00 1.80 1.70
POL2 05:40 535 3 BELCHATOW 3.50 3.50 1.80 ARKA GDYNIA 1.75 1.19 1.19 4.10 2.02 2.40 3.80 2.35 2.18 5.75 8.25 32.00 15.00 5.25 14.00 23.00 4.75 2.85 2.70 1.28 1.52 2.00 1.12 3.90 2.70 1.75 3.90 1.88 1.62
AL2 06:00 536 1 FORTUNA DUSSELDORF 1.45 3.90 5.25 BRAUNSCHWEIG 1.06 1.14 2.24 1.92 2.20 5.60 1.75 2.60 5.25 2.15 4.10 20.00 15.00 6.00 17.00 40.00 12.50 9.50 3.90 1.12 1.88 1.62 1.28 2.70 3.90 1.75 2.70 1.72 1.78
AL2 06:00 537 1 GREUTHER FURTH 1.55 3.75 4.60 KARLSRUHER 1.10 1.16 2.07 2.05 2.20 4.75 1.85 2.55 4.50 2.35 4.40 21.00 15.00 6.00 16.00 40.00 10.50 7.75 4.00 1.10 2.05 1.50 1.35 2.45 4.00 1.85 2.45 1.58 1.92
AL2 06:00 538 1 WURZBURGER KICKERS 2.45 3.25 2.40 OSNABRUCK 1.40 1.21 1.38 2.90 2.10 3.05 2.65 2.40 2.80 3.90 6.00 25.00 14.00 5.00 14.00 28.00 6.25 4.10 3.90 1.12 1.90 1.60 1.32 2.50 3.90 1.85 2.50 1.45 2.15
FRA 06:00 232 1 NANTES 1.92 3.15 3.45 BORDEAUX 1.19 1.23 1.65 2.55 1.95 4.10 2.30 2.20 3.80 3.15 4.75 25.00 15.00 4.50 15.00 28.00 8.00 6.00 2.85 1.25 1.58 1.92 1.15 3.50 2.85 1.78 3.50 1.78 1.72
POL3 06:00 542 3 BLEKITNI STARGARD 2.20 3.00 2.75 OLIMPIA GRUDZIADZ 1.27 1.22 1.43 - - - - - - - - - - - - - - - - - - - - - - - - - -
POL3 06:00 543 3 BYTOVIA BYTOW 3.15 3.15 1.92 STAL RZESZOW 1.58 1.19 1.19 - - - - - - - - - - - - - - - - - - - - - - - - - -
POL3 06:00 544 3 SLASK WROCLAW II 1.67 3.90 3.40 LECH II POZNAN 1.17 1.12 1.82 - - - - - - - - - - - - - - - - - - - - - - - - - -
RUS 06:00 545 1 UFA 2.55 3.60 2.18 ZENIT 1.49 1.18 1.36 3.10 2.18 2.70 2.85 2.50 2.50 4.00 6.75 28.00 14.00 6.00 14.00 25.00 5.75 3.40 3.50 1.15 1.88 1.62 1.28 2.70 3.50 1.85 2.70 1.52 2.00
RUS2 06:00 546 3 FC IRTYSH OMSK 7.25 3.90 1.32 ORENBURG 2.54 1.12 - 7.25 2.05 1.80 6.75 2.40 1.62 13.00 15.00 38.00 18.00 5.25 17.00 20.00 3.60 2.00 2.85 1.20 1.60 1.90 1.12 3.50 2.85 1.62 3.50 2.15 1.45
RUS2 06:00 547 3 KRYLYA SOVIETOV 1.30 4.40 6.25 KRASNODAR-2 - 1.08 2.58 1.70 2.35 6.00 1.55 2.75 5.75 1.85 3.90 18.00 15.00 7.00 17.00 38.00 15.00 10.50 4.25 1.06 2.10 1.48 1.35 2.25 4.25 1.75 2.25 1.70 1.80
RUS2 06:00 548 3 SPARTAK 2 1.67 3.35 4.00 SHINNIK YAROSLAVL 1.11 1.18 1.82 2.20 2.00 4.40 2.00 2.30 4.10 2.60 4.25 22.00 14.00 4.75 15.00 32.00 8.75 6.75 3.50 1.12 1.80 1.70 1.22 2.75 3.50 1.65 2.75 1.62 1.88
SU3N 06:00 549 3 DALKURD 2.45 3.25 2.30 BROMMAPOJKARNA 1.40 1.19 1.35 3.00 2.05 2.80 2.75 2.30 2.60 - - - - - - - - - 3.50 1.12 1.88 1.62 1.22 2.75 3.50 1.65 2.75 1.52 2.00
SU3N 06:00 550 3 HUDIKSVALLS 2.30 3.25 2.45 LULEA 1.35 1.19 1.40 2.80 2.10 2.95 2.55 2.35 2.70 - - - - - - - - - 4.00 1.08 1.95 1.55 1.30 2.40 4.00 1.72 2.40 1.45 2.15
SU3S 06:00 552 3 OSTERLEN FF 1.88 3.45 3.10 TORNS IF 1.22 1.17 1.63 2.35 2.10 3.50 2.15 2.40 3.30 - - - - - - - - - 4.00 1.08 1.92 1.58 1.28 2.50 4.00 1.68 2.50 1.50 2.05
SU3S 06:00 553 3 UTSIKTENS 1.38 4.20 5.25 TVAAKERS IF 1.04 1.09 2.33 1.80 2.30 5.25 1.65 2.70 4.90 - - - - - - - - - 4.25 1.06 2.05 1.50 1.32 2.35 4.25 1.70 2.35 1.62 1.88
SUE2 06:00 554 3 LANDSKRONA 2.35 2.85 2.65 AFC UTD 1.29 1.25 1.37 2.70 1.90 3.60 2.45 2.15 3.30 3.45 5.00 25.00 14.00 4.40 14.00 28.00 6.75 5.00 2.85 1.20 1.52 2.00 1.12 3.50 2.85 1.78 3.50 1.72 1.78
BLR 06:30 555 3 RUH BREST 1.25 4.75 6.75 SPUTNIK RECHICA - 1.05 2.79 1.65 2.45 6.25 1.50 2.90 6.00 - - - - - - - - - 4.75 1.03 2.30 1.40 1.42 2.10 4.75 1.78 2.10 1.65 1.85
INPL 06:30 202 1 LEEDS 3.25 3.50 1.92 TOTTENHAM 1.69 1.21 1.24 3.70 2.25 2.45 3.45 2.55 2.25 5.25 8.00 28.00 14.00 5.75 14.00 22.00 5.00 2.95 4.50 1.08 2.10 1.48 1.38 2.35 4.50 1.90 2.35 1.45 2.15
INCH 06:30 556 1 BARNSLEY 2.45 3.20 2.45 NORWICH 1.39 1.23 1.39 3.00 2.08 3.00 2.75 2.35 2.75 4.00 6.00 25.00 14.00 4.90 14.00 25.00 6.00 4.00 3.90 1.12 1.88 1.62 1.28 2.70 3.90 1.75 2.70 1.50 2.05
INCH 06:30 557 1 BLACKBURN 1.85 3.30 3.50 BIRMINGHAM 1.19 1.21 1.70 2.45 2.02 4.00 2.25 2.30 3.70 3.05 4.75 25.00 14.00 4.75 15.00 28.00 8.00 6.00 3.50 1.15 1.78 1.72 1.22 3.00 3.50 1.72 3.00 1.60 1.90
INCH 06:30 558 1 BOURNEMOUTH 1.70 3.50 3.90 STOKE 1.14 1.18 1.84 2.25 2.12 4.40 2.02 2.45 4.10 2.65 4.60 22.00 14.00 5.50 15.00 38.00 9.25 6.75 3.30 1.18 1.78 1.72 1.22 3.00 3.30 1.78 3.00 1.68 1.82
INCH 06:30 559 1 BRISTOL CITY 4.30 3.60 1.60 BRENTFORD 1.96 1.17 1.11 5.00 2.15 2.08 4.60 2.50 1.88 8.25 10.50 40.00 16.00 5.50 15.00 23.00 4.25 2.40 3.90 1.12 1.92 1.58 1.30 2.60 3.90 1.78 2.60 1.62 1.88
INCH 06:30 560 1 CARDIFF 2.20 3.40 2.60 ROTHERHAM 1.34 1.19 1.47 2.80 1.95 3.60 2.55 2.20 3.30 3.60 5.25 25.00 14.00 4.50 15.00 28.00 6.75 5.00 3.00 1.22 1.80 1.70 1.15 3.50 3.00 1.72 3.50 1.68 1.82
INCH 06:30 561 1 COVENTRY 2.30 3.10 2.65 MILLWALL 1.32 1.23 1.43 3.05 1.95 3.20 2.80 2.20 2.95 4.10 5.75 25.00 14.00 4.40 14.00 25.00 6.00 4.40 3.10 1.20 1.68 1.82 1.20 3.10 3.10 1.80 3.10 1.62 1.88
INCH 06:30 562 1 DERBY COUNTY 2.20 3.10 2.85 SHEFFIELD WED 1.29 1.24 1.48 2.65 1.95 3.80 2.40 2.25 3.45 3.35 5.00 25.00 14.00 4.60 15.00 28.00 7.25 5.50 3.00 1.22 1.58 1.92 1.15 3.50 3.00 1.72 3.50 1.70 1.80
INCH 06:30 563 1 MIDDLESBROUGH 1.70 3.50 3.90 WYCOMBE 1.14 1.18 1.84 2.25 2.12 4.30 2.02 2.45 4.00 2.65 4.60 22.00 14.00 5.50 15.00 35.00 9.00 6.50 3.50 1.15 1.85 1.65 1.28 2.70 3.50 1.85 2.70 1.60 1.90
INCH 06:30 564 1 NOTTINGHAM F 2.10 3.20 2.95 PRESTON 1.27 1.23 1.53 2.80 2.00 3.45 2.55 2.25 3.15 3.60 5.25 25.00 14.00 4.60 15.00 28.00 6.75 4.90 3.30 1.18 1.78 1.72 1.22 3.00 3.30 1.78 3.00 1.60 1.90
INCH 06:30 565 1 QPR 2.02 3.25 3.05 LUTON 1.25 1.22 1.57 2.60 2.05 3.70 2.35 2.35 3.35 3.25 5.00 25.00 14.00 4.90 14.00 28.00 7.25 5.25 3.50 1.15 1.85 1.65 1.25 2.85 3.50 1.78 2.85 1.58 1.92
INCH 06:30 566 1 READING 1.88 3.40 3.30 HUDDERSFIELD 1.21 1.20 1.67 2.40 2.12 3.75 2.20 2.45 3.50 2.95 5.00 23.00 14.00 5.25 14.00 32.00 8.00 5.50 3.90 1.12 1.85 1.65 1.30 2.60 3.90 1.78 2.60 1.52 2.00
INCH 06:30 567 1 WATFORD 1.98 3.15 3.30 SWANSEA 1.22 1.24 1.61 2.80 1.92 3.70 2.55 2.20 3.35 3.60 5.25 25.00 14.00 4.50 15.00 28.00 7.00 5.00 2.85 1.25 1.58 1.92 1.15 3.50 2.85 1.78 3.50 1.78 1.72
DK3B 06:45 568 3 FA 2000 4.00 3.45 1.65 HIK HELLERUP 1.85 1.17 1.12 3.60 2.00 2.45 3.40 2.30 2.20 - - - - - - - - - 3.50 1.12 1.80 1.70 1.20 2.85 3.50 1.62 2.85 1.58 1.92
AL3 07:00 574 3 WEHEN 2.70 3.09 2.19 1860 MUNICH 1.44 1.21 1.28 - - - - - - - - - - - - - - - - - - - - - - - - - -
CHN 07:00 575 3 GUANGZHOU R&F 3.05 3.40 1.90 SHENZHEN YUHENG 1.61 1.17 1.22 3.00 2.05 2.75 2.80 2.35 2.55 4.00 6.25 28.00 13.00 5.25 13.00 25.00 5.75 3.60 3.75 1.10 1.85 1.65 1.25 2.60 3.75 1.80 2.60 1.50 2.05
DK3A 07:00 576 3 AARHUS FREMAD 1.20 5.00 8.00 SFB OURE FA - 1.04 3.08 1.58 2.55 6.75 1.42 3.00 6.75 - - - - - - - - - 5.00 1.02 2.45 1.35 1.48 2.00 5.00 1.80 2.00 1.68 1.82
DK3A 07:00 577 3 BRABRAND IF 2.05 3.30 2.80 NAESBY 1.26 1.18 1.51 - - - - - - - - - - - - - - - - - 1.95 1.55 - - - - - - -
DK3A 07:00 578 3 DALUM 2.02 3.25 2.85 VSK ARHUS 1.25 1.18 1.52 2.40 2.00 3.75 2.15 2.30 3.45 - - - - - - - - - 3.50 1.12 1.82 1.68 1.22 2.75 3.50 1.65 2.75 1.58 1.92
DK3A 07:00 579 3 JAMMERBUGT 1.78 3.40 3.40 MIDDELFART 1.17 1.17 1.70 2.25 2.10 3.75 2.05 2.40 3.50 - - - - - - - - - 4.25 1.06 2.05 1.50 1.35 2.25 4.25 1.75 2.25 1.45 2.15
DK3B 07:00 1361 3 AB TAARNBY 5.40 3.90 1.42 NAESTVED 2.26 1.12 1.04 5.25 2.20 1.85 5.00 2.55 1.68 - - - - - - - - - 4.25 1.06 2.00 1.52 1.32 2.35 4.25 1.70 2.35 1.62 1.88
DK3B 07:00 580 3 HILLEROD 1.58 3.50 4.25 KFUM ROSKILDE 1.09 1.15 1.92 2.05 2.15 4.50 1.85 2.45 4.25 - - - - - - - - - 4.00 1.08 1.95 1.55 1.30 2.40 4.00 1.72 2.40 1.55 1.95
ESP 07:00 212 1 ALAVES 2.05 3.15 3.25 LEVANTE 1.24 1.26 1.60 2.65 2.02 3.90 2.40 2.30 3.60 3.25 5.00 25.00 14.00 4.60 15.00 28.00 7.50 5.50 3.30 1.18 1.68 1.82 1.22 3.00 3.30 1.85 3.00 1.60 1.90
FIC 07:00 581 3 HELSINKI 1.85 3.05 3.60 KUOPION 1.15 1.22 1.65 2.55 1.90 3.75 2.30 2.20 3.40 3.20 4.90 25.00 14.00 4.60 14.00 28.00 7.25 5.25 2.75 1.22 1.62 1.88 1.12 3.50 2.75 1.80 3.50 1.78 1.72
RUS2 07:00 605 3 FAKEL 2.95 2.80 2.20 TORPEDO MOSCOW 1.44 1.26 1.23 3.15 1.80 3.15 2.85 2.05 2.85 4.10 5.75 25.00 15.00 4.10 15.00 25.00 5.75 4.10 2.50 1.28 1.38 2.35 1.06 4.25 2.50 1.62 4.25 1.85 1.65
RUS2 07:00 606 3 FC CHERTANOVO MOSCOW 11.50 5.00 1.15 OLIMPIETS 3.48 1.05 - 10.00 2.35 1.52 9.50 2.85 1.38 21.00 25.00 50.00 23.00 7.00 21.00 20.00 3.60 1.60 3.75 1.10 1.82 1.68 1.25 2.60 3.75 1.68 2.60 2.25 1.42
AUT2 07:30 607 3 AUSTRIA LUSTENAU 2.12 3.30 2.65 AMSTETTEN 1.29 1.18 1.47 2.60 2.10 3.10 2.40 2.40 2.90 3.30 5.50 23.00 13.00 5.50 14.00 28.00 6.50 4.25 4.00 1.08 2.05 1.50 1.30 2.40 4.00 1.90 2.40 1.45 2.15
AUT2 07:30 608 3 AUSTRIA WIEN (AM) 1.68 3.60 3.60 DORNBIRN 1.15 1.15 1.80 2.40 2.15 3.35 2.20 2.45 3.10 3.00 5.25 22.00 14.00 5.50 14.00 28.00 7.25 4.75 4.25 1.06 2.15 1.45 1.35 2.25 4.25 1.90 2.25 1.42 2.25
CZE 08:00 612 3 FASTAV ZLIN 1.48 3.80 5.10 OPAVA 1.07 1.15 2.18 1.81 2.25 6.75 1.65 2.60 6.25 2.00 3.90 21.00 16.00 6.25 18.00 40.00 15.00 12.00 3.50 1.15 1.80 1.70 1.25 2.85 3.50 1.78 2.85 1.88 1.62
DK3A 08:00 613 3 B 93 KOPENHAGEN 1.70 3.40 3.75 THISTED 1.13 1.17 1.78 2.20 2.05 4.10 2.00 2.40 3.90 - - - - - - - - - 4.00 1.08 1.92 1.58 1.28 2.50 4.00 1.68 2.50 1.55 1.95
DK3A 08:00 614 3 FREM 1.43 3.75 5.25 SYDVEST 05 1.04 1.12 2.19 1.90 2.20 5.25 1.72 2.55 4.90 - - - - - - - - - 4.00 1.08 1.95 1.55 1.30 2.40 4.00 1.72 2.40 1.62 1.88
DK3B 08:00 615 3 BRONSHOJ 2.05 3.05 3.00 AVARTA 1.23 1.22 1.51 2.60 1.95 3.60 2.35 2.20 3.25 - - - - - - - - - 3.20 1.15 1.68 1.82 1.18 3.00 3.20 1.65 3.00 1.62 1.88
DK3B 08:00 616 3 SKOVSHOVED IF 8.00 4.80 1.23 NYKOBING 3.00 1.07 - 7.00 2.50 1.58 6.75 2.95 1.45 - - - - - - - - - 5.25 1.01 2.45 1.35 1.50 1.95 5.25 1.85 1.95 1.65 1.85
ITA 08:00 221 1 SPEZIA 5.25 4.30 1.45 NAPOLI 2.36 1.14 1.08 5.00 2.45 1.92 4.80 2.85 1.75 8.25 12.00 38.00 16.00 7.25 15.00 18.00 4.40 2.15 4.75 1.06 2.25 1.42 1.42 2.25 4.75 1.90 2.25 1.52 2.00
ITA 08:00 222 1 UDINESE 2.25 3.00 3.00 BOLOGNA 1.29 1.29 1.50 2.85 2.00 3.60 2.60 2.30 3.30 3.75 5.25 25.00 14.00 4.40 14.00 28.00 6.75 5.00 3.50 1.15 1.78 1.72 1.25 2.85 3.50 1.85 2.85 1.55 1.95
POL 08:00 619 3 PODBESKIDZIE 2.25 3.05 2.65 WISLA PLOCK 1.29 1.22 1.42 2.80 1.90 3.40 2.55 2.15 3.10 3.75 5.25 25.00 14.00 4.25 14.00 28.00 6.50 4.75 3.20 1.15 1.78 1.72 1.15 3.20 3.20 1.75 3.20 1.62 1.88
RUS2 08:00 620 3 DINAMO BRYANSK 2.60 3.05 2.30 CHAIKA PESCHANOKOPSKOE 1.40 1.22 1.31 3.30 1.85 3.00 3.00 2.10 2.70 4.25 6.00 28.00 14.00 4.25 14.00 25.00 5.50 3.90 2.50 1.28 1.48 2.10 1.06 4.25 2.50 1.62 4.25 1.88 1.62
RUS2 08:00 621 3 NEFTEKHIMIK NIZHNEKAMSK 2.00 3.00 3.15 SKA-ENERG KHABAROVSK 1.20 1.22 1.54 2.55 1.90 3.90 2.30 2.15 3.60 3.15 4.60 25.00 14.00 4.25 14.00 28.00 7.25 5.75 2.85 1.20 1.48 2.10 1.12 3.50 2.85 1.62 3.50 1.75 1.75
RUS2 08:00 622 3 VOLGAR ASTRAKHAN 2.20 2.80 2.95 AKRON TOLYATTI 1.23 1.26 1.44 2.80 1.75 3.90 2.55 2.00 3.50 3.50 4.90 25.00 14.00 3.90 15.00 28.00 6.75 5.25 2.35 1.32 1.38 2.35 1.04 4.60 2.35 1.65 4.60 1.92 1.58
SU3S 08:00 623 3 VANERSBORGS IF 2.00 3.40 2.80 IFK MALMOE FK 1.26 1.17 1.54 2.50 2.10 3.30 2.30 2.40 3.05 - - - - - - - - - 3.75 1.10 1.90 1.60 1.25 2.60 3.75 1.68 2.60 1.50 2.05
SUE 08:00 624 2 GOTEMBURGO 2.50 3.05 2.45 HACKEN 1.37 1.24 1.36 3.15 1.95 3.10 2.90 2.20 2.85 4.25 6.00 25.00 15.00 4.50 15.00 25.00 6.00 4.10 3.00 1.22 1.62 1.88 1.15 3.50 3.00 1.72 3.50 1.70 1.80
SUE 08:00 625 2 HAMMARBY 1.68 3.35 4.20 SIRIUS 1.12 1.20 1.86 2.08 2.20 4.70 1.90 2.55 4.40 2.45 4.40 21.00 15.00 5.50 16.00 40.00 10.00 7.75 4.00 1.10 1.95 1.55 1.35 2.45 4.00 1.85 2.45 1.52 2.00
SUE2 08:00 626 3 FALKENBERG 1.85 3.05 3.60 ORGRYTE 1.15 1.22 1.65 2.40 1.90 4.25 2.15 2.20 3.90 2.90 4.50 22.00 14.00 4.50 15.00 32.00 8.25 6.50 2.85 1.20 1.60 1.90 1.12 3.50 2.85 1.78 3.50 1.75 1.75
SUE2 08:00 627 3 VASTERAS SK 2.35 3.10 2.50 JONKOPINGS 1.34 1.21 1.38 2.85 2.00 3.00 2.60 2.30 2.75 3.75 5.75 25.00 14.00 4.90 14.00 28.00 6.00 4.00 3.50 1.12 1.82 1.68 1.22 2.75 3.50 1.80 2.75 1.55 1.95
ALE 08:30 242 1 DORTMUND 2.05 3.60 3.20 RB LEIPZIG 1.31 1.25 1.69 2.50 2.25 3.50 2.30 2.55 3.30 3.05 5.25 23.00 14.00 5.50 14.00 28.00 7.50 5.00 4.50 1.08 2.15 1.55 1.38 2.35 4.50 1.90 2.35 1.42 2.25
ALE 08:30 243 1 HOFFENHEIM 1.18 6.00 10.00 SCHALKE 04 - 1.06 3.75 1.60 2.65 7.50 1.47 3.20 7.25 1.68 4.00 19.00 19.00 8.75 21.00 50.00 20.00 15.00 5.25 1.04 2.50 1.32 1.52 2.00 5.25 2.05 2.00 1.70 1.80
ALE 08:30 244 1 WERDER BREMEN 4.00 3.50 1.72 LEVERKUSEN 1.87 1.20 1.15 4.40 2.15 2.30 4.10 2.50 2.08 6.75 9.25 38.00 15.00 5.25 14.00 23.00 4.60 2.65 3.50 1.15 1.85 1.65 1.25 2.85 3.50 1.85 2.85 1.62 1.88
ALE 08:30 245 1 WOLFSBURGO 1.70 3.50 4.20 UNION BERLIN 1.14 1.21 1.91 2.25 2.15 4.60 2.05 2.45 4.30 2.60 4.50 23.00 15.00 5.25 16.00 40.00 9.50 7.00 3.50 1.15 1.82 1.68 1.25 2.85 3.50 1.85 2.85 1.65 1.85
GAL 08:30 630 3 BALA TOWN 1.48 3.75 4.70 PENYBONT 1.06 1.13 2.09 1.90 2.30 4.50 1.75 2.65 4.25 - - - - - - - - - 4.60 1.04 2.25 1.42 1.40 2.15 4.60 1.75 2.15 1.48 2.10
GAL 08:30 631 3 CARDIFF MU 1.15 5.75 8.75 CEFN DRUIDS - 1.02 3.47 1.50 2.70 6.75 1.38 3.25 6.50 - - - - - - - - - 5.25 1.01 2.70 1.28 1.65 1.75 5.25 2.05 1.75 1.58 1.92
GAL 08:30 632 3 FLINT TOWN UNITED 2.60 3.50 2.08 ABERYSTWYTH TOWN 1.49 1.16 1.30 3.05 2.20 2.55 2.85 2.50 2.35 - - - - - - - - - 4.25 1.06 2.10 1.48 1.35 2.25 4.25 1.75 2.25 1.42 2.25
GAL 08:30 633 3 GAP CONNAHS QUAY 1.13 6.00 9.75 CAERNARFON TOWN FC - 1.01 3.71 1.45 2.75 7.75 1.35 3.35 7.50 - - - - - - - - - 5.25 1.01 2.70 1.28 1.65 1.75 5.25 2.05 1.75 1.65 1.85
GAL 08:30 634 3 HAVERFORDWEST COUNTY 3.45 3.50 1.75 NEWTOWN 1.74 1.16 1.17 3.75 2.20 2.20 3.50 2.50 2.00 - - - - - - - - - 4.50 1.05 2.15 1.45 1.38 2.20 4.50 1.75 2.20 1.45 2.15
GAL 08:30 635 3 THE NEW SAINTS 1.13 6.00 9.75 BARRY TOWN - 1.01 3.71 1.45 2.75 7.75 1.35 3.35 7.50 - - - - - - - - - 5.25 1.01 2.70 1.28 1.65 1.75 5.25 2.05 1.75 1.65 1.85
RUS 08:30 636 1 ARSENAL TULA 3.00 3.10 2.12 RUBIN KAZAN 1.52 1.24 1.26 4.10 1.95 2.55 3.80 2.20 2.30 6.00 8.00 28.00 15.00 4.50 15.00 25.00 4.75 3.15 2.85 1.25 1.58 1.92 1.15 3.50 2.85 1.78 3.50 1.78 1.72
RUS 08:30 637 1 LOKOMOTIV MOSCU 2.25 3.15 2.75 DINAMO MOSCU 1.31 1.24 1.47 2.80 1.98 3.40 2.55 2.25 3.15 3.60 5.50 25.00 14.00 4.75 15.00 28.00 6.75 4.75 3.10 1.20 1.68 1.82 1.18 3.30 3.10 1.75 3.30 1.65 1.85
CZE2 08:45 638 3 HRADEC KRALOVE 1.60 3.40 4.25 DUKLA PRAGUE 1.09 1.16 1.89 - - - - - - - - - - - - - - - - - - - - - - - - - -
CZE2 09:00 640 3 USTI NAD LABEM 1.28 4.20 7.25 FK BLANSKO - 1.09 2.66 - - - - - - - - - - - - - - - - - - - - - - - - - -
INPL 09:00 203 1 SHEFFIELD UTD 2.80 3.05 2.35 CRYSTAL PALACE 1.46 1.28 1.33 3.50 1.92 3.05 3.20 2.20 2.75 4.60 6.50 28.00 15.00 4.40 14.00 25.00 5.50 3.90 2.70 1.28 1.50 2.05 1.10 4.00 2.70 1.78 4.00 1.82 1.68
ING2 09:00 650 3 CAMBRIDGE UNITED 1.43 3.70 5.60 GRIMSBY 1.03 1.14 2.23 1.90 2.05 6.00 1.72 2.40 5.50 2.15 3.90 22.00 15.00 5.50 17.00 40.00 12.50 10.00 3.00 1.18 1.65 1.85 1.15 3.20 3.00 1.80 3.20 1.92 1.58
ING2 09:00 651 3 CARLISLE 1.58 3.30 4.75 WALSALL 1.07 1.19 1.95 2.15 1.95 4.90 1.95 2.25 4.60 2.55 4.10 22.00 15.00 4.50 16.00 40.00 9.75 8.25 3.20 1.15 1.52 2.00 1.15 3.20 3.20 1.75 3.20 1.78 1.72
ING2 09:00 652 3 CHELTENHAM 1.48 3.60 5.00 HARROGATE TOWN 1.05 1.14 2.09 1.95 2.05 5.50 1.78 2.40 5.00 2.25 4.00 22.00 15.00 5.25 16.00 40.00 11.50 9.25 3.20 1.15 1.68 1.82 1.18 3.00 3.20 1.80 3.00 1.85 1.65
ING2 09:00 653 3 CRAWLEY 4.30 3.45 1.58 BOLTON 1.91 1.16 1.08 4.25 2.05 2.20 4.00 2.35 2.00 6.50 9.00 38.00 15.00 5.25 14.00 22.00 4.40 2.60 3.20 1.15 1.68 1.82 1.18 3.00 3.20 1.80 3.00 1.70 1.80
ING2 09:00 654 3 EXETER 1.60 3.45 4.25 BARROW 1.09 1.16 1.90 2.25 1.95 4.50 2.00 2.25 4.25 2.70 4.40 22.00 14.00 4.75 15.00 32.00 9.00 7.25 3.00 1.18 1.55 1.95 1.15 3.20 3.00 1.80 3.20 1.72 1.78
ING2 09:00 655 3 MORECAMBE 1.57 3.45 4.50 BRADFORD 1.08 1.16 1.95 2.10 2.00 4.90 1.90 2.30 4.50 2.45 4.25 22.00 15.00 5.00 15.00 40.00 10.00 7.75 3.00 1.18 1.65 1.85 1.15 3.20 3.00 1.80 3.20 1.82 1.68
ING2 09:00 656 3 OLDHAM 3.60 3.35 1.75 FOREST GREEN 1.74 1.18 1.15 3.20 2.05 2.65 2.95 2.30 2.45 4.40 6.50 28.00 14.00 5.00 14.00 25.00 5.50 3.40 3.50 1.12 1.85 1.65 1.22 2.75 3.50 1.80 2.75 1.55 1.95
ING2 09:00 657 2 PORT VALE 2.50 2.95 2.40 MANSFIELD 1.35 1.22 1.32 3.10 1.85 3.10 2.80 2.10 2.80 4.10 5.75 25.00 15.00 4.25 15.00 25.00 5.75 4.10 2.60 1.25 1.50 2.05 1.08 4.00 2.60 1.78 4.00 1.82 1.68
ING2 09:00 658 3 SALFORD CITY 1.47 3.50 5.40 LEYTON ORIENT 1.04 1.16 2.12 2.10 1.95 5.25 1.85 2.25 4.90 2.40 4.00 22.00 15.00 4.90 16.00 40.00 10.50 8.50 2.85 1.20 1.58 1.92 1.12 3.50 2.85 1.78 3.50 1.90 1.60
ING2 09:00 659 3 SCUNTHORPE 3.25 3.05 1.95 STEVENAGE 1.57 1.22 1.19 3.35 1.90 2.85 3.05 2.15 2.60 4.50 6.50 28.00 14.00 4.50 14.00 25.00 5.50 3.75 2.60 1.25 1.48 2.10 1.08 4.00 2.60 1.78 4.00 1.82 1.68
ING2 09:00 660 3 SOUTHEND 4.00 3.10 1.75 NEWPORT COUNTY 1.75 1.22 1.12 4.50 1.80 2.45 4.10 2.10 2.20 6.75 8.25 32.00 15.00 4.10 15.00 22.00 4.40 3.00 2.50 1.28 1.48 2.10 1.08 4.00 2.50 1.80 4.00 1.90 1.60
ING2 09:00 661 3 TRANMERE 1.55 3.35 4.80 COLCHESTER 1.06 1.17 1.97 2.15 1.95 5.00 1.95 2.20 4.75 2.55 4.10 22.00 15.00 4.40 16.00 40.00 10.00 8.50 3.20 1.15 1.52 2.00 1.15 3.20 3.20 1.75 3.20 1.78 1.72
ICL 09:00 641 2 ALTRINCHAM 2.55 3.00 2.35 EASTLEIGH 1.38 1.22 1.32 3.50 1.85 2.90 3.15 2.10 2.60 4.75 6.50 28.00 14.00 4.10 14.00 25.00 5.25 3.75 2.60 1.25 1.48 2.10 1.08 4.00 2.60 1.78 4.00 1.82 1.68
ICL 09:00 642 3 BARNET 5.00 3.80 1.45 NOTTS COUNTY 2.16 1.12 1.05 5.50 2.15 1.90 5.25 2.50 1.72 9.25 12.00 40.00 16.00 5.75 15.00 21.00 4.00 2.15 3.50 1.12 1.85 1.65 1.22 2.75 3.50 1.80 2.75 1.78 1.72
ICL 09:00 643 2 HALIFAX 2.10 3.00 2.95 BOREHAM 1.24 1.23 1.49 2.90 1.90 3.25 2.65 2.15 2.95 3.75 5.50 25.00 14.00 4.50 14.00 28.00 6.25 4.25 2.60 1.25 1.52 2.00 1.10 3.75 2.60 1.80 3.75 1.80 1.70
ICL 09:00 644 3 HARTLEPOOL 1.58 3.50 4.40 MAIDENHEAD UTD 1.09 1.16 1.95 2.10 2.00 4.90 1.90 2.30 4.50 2.45 4.10 22.00 15.00 4.90 16.00 40.00 10.00 8.00 3.20 1.15 1.72 1.78 1.20 2.85 3.20 1.85 2.85 1.70 1.80
ICL 09:00 645 2 KING'S LYNN TOWN 2.80 3.25 2.08 SOLIHULL 1.50 1.19 1.27 3.45 2.05 2.50 3.20 2.35 2.25 4.75 7.25 28.00 14.00 5.25 14.00 25.00 5.00 3.10 3.20 1.15 1.80 1.70 1.20 2.85 3.20 1.85 2.85 1.60 1.90
ICL 09:00 646 3 SUTTON UTD 1.32 4.20 6.50 WEYMOUTH - 1.10 2.55 1.70 2.25 6.75 1.55 2.65 6.50 1.85 3.75 20.00 17.00 6.50 18.00 50.00 16.00 12.50 3.75 1.10 1.88 1.62 1.25 2.60 3.75 1.80 2.60 1.90 1.60
ICL 09:00 647 3 WEALDSTONE 6.25 4.25 1.33 DAGENHAM & RED 2.53 1.10 1.01 5.75 2.20 1.80 5.50 2.60 1.65 9.75 13.00 40.00 16.00 6.25 15.00 19.00 4.00 2.05 3.75 1.10 2.00 1.52 1.28 2.50 3.75 1.90 2.50 1.72 1.78
ICL 09:00 648 3 WOKING 4.75 3.30 1.58 CHESTERFIELD 1.95 1.19 1.07 5.50 2.00 2.00 5.25 2.30 1.80 9.00 11.50 40.00 17.00 5.00 16.00 22.00 4.00 2.30 2.85 1.20 1.65 1.85 1.12 3.50 2.85 1.78 3.50 1.92 1.58
ICL 09:00 649 2 WREXHAM 2.05 3.05 3.00 YEOVIL 1.23 1.22 1.51 2.70 1.85 3.60 2.45 2.15 3.30 3.45 5.00 25.00 14.00 4.40 14.00 28.00 6.75 5.00 2.75 1.22 1.65 1.85 1.10 3.75 2.75 1.75 3.75 1.78 1.72
ISL2 09:00 1447 3 KARI 2.35 3.75 2.18 KF FJALLABYGGD 1.44 1.13 1.38 - - - - - - - - - - - - - - - - - 2.45 1.35 - - - - - - -
POL2 09:00 672 3 SANDECJA NOWY SACZ 2.12 3.05 3.05 KORONA KIELCE 1.25 1.25 1.53 2.75 1.92 3.70 2.50 2.20 3.40 3.50 5.25 25.00 14.00 4.50 15.00 28.00 7.00 5.25 2.85 1.25 1.55 1.95 1.15 3.50 2.85 1.78 3.50 1.72 1.78
POL2 09:00 673 3 STOMIL OLSZTYN 2.60 2.90 2.50 CHROBRY GLOGOW 1.37 1.27 1.34 3.25 1.92 3.15 2.95 2.18 2.85 4.25 6.00 25.00 15.00 4.50 15.00 25.00 5.75 4.10 2.70 1.28 1.50 2.05 1.12 3.90 2.70 1.75 3.90 1.80 1.70
POL3 09:00 674 3 GARBARNIA KRAKOW 3.00 3.00 2.08 GORNIK POLKOWICE 1.50 1.23 1.23 - - - - - - - - - - - - - - - - - - - - - - - - - -
POL3 09:00 675 3 WIGRY SUWALKI 1.50 4.00 4.25 HUTNIK KRAKOW 1.09 1.11 2.06 - - - - - - - - - - - - - - - - - - - - - - - - - -
RUS2 09:00 676 3 FC ALANIA VLADIKAVKAZ 1.42 3.60 6.00 VELES 1.02 1.15 2.25 1.95 2.00 5.75 1.78 2.35 5.50 2.20 3.90 22.00 15.00 5.00 17.00 38.00 12.00 9.75 3.00 1.18 1.62 1.88 1.15 3.20 3.00 1.65 3.20 1.92 1.58
SU3N 09:00 680 3 SANDVIKENS 1.28 4.25 7.25 OREBRO SYRIANSKA IF - 1.09 2.68 1.70 2.25 6.50 1.55 2.70 6.25 - - - - - - - - - 4.25 1.06 2.05 1.50 1.32 2.35 4.25 1.70 2.35 1.75 1.75
SU3N 09:00 681 3 TABY FK 2.10 3.30 2.70 SYLVIA 1.28 1.18 1.49 2.60 2.10 3.15 2.40 2.40 2.95 - - - - - - - - - 4.00 1.08 1.95 1.55 1.30 2.40 4.00 1.72 2.40 1.45 2.15
SU3S 09:00 682 3 ATVIDABERG 2.75 3.45 2.00 SKOVDE 1.53 1.16 1.27 3.20 2.15 2.50 3.00 2.45 2.30 - - - - - - - - - 4.00 1.08 1.95 1.55 1.30 2.40 4.00 1.72 2.40 1.48 2.10
SU3S 09:00 683 3 LINDOME GIF 1.92 3.50 2.90 OSKARSHAMNS AIK 1.24 1.16 1.59 2.45 2.20 3.20 2.25 2.50 3.00 - - - - - - - - - 4.50 1.05 2.10 1.48 1.35 2.25 4.50 1.72 2.25 1.42 2.25
SU3S 09:00 684 3 LJUNGSKILE 1.53 3.70 4.30 LUNDS 1.08 1.13 1.99 2.00 2.15 4.60 1.85 2.50 4.25 - - - - - - - - - 3.75 1.10 1.85 1.65 1.25 2.60 3.75 1.68 2.60 1.62 1.88
ESP 09:15 213 1 BARCELONA 1.78 3.60 4.10 ATLETICO MADRID 1.19 1.24 1.92 2.30 2.15 4.40 2.08 2.45 4.10 2.70 4.60 22.00 14.00 5.25 15.00 32.00 9.00 6.75 3.50 1.15 1.85 1.75 1.25 2.85 3.50 1.85 2.85 1.60 1.90
HOL 09:30 686 1 TWENTE 2.25 3.25 2.65 HERACLES 1.33 1.22 1.46 2.60 2.08 3.50 2.35 2.35 3.25 3.25 5.25 25.00 14.00 5.25 14.00 28.00 7.25 5.00 3.50 1.15 1.78 1.72 1.25 2.85 3.50 1.78 2.85 1.55 1.95
POR2 09:30 687 3 FEIRENSE 1.33 3.80 7.50 OLIVEIRENSE - 1.13 2.52 1.85 2.05 7.00 1.65 2.40 6.50 2.05 3.75 20.00 16.00 5.50 18.00 40.00 15.00 12.00 2.75 1.22 1.52 2.00 1.10 3.75 2.75 1.75 3.75 2.15 1.45
BUL 09:45 688 3 LUDOGORETS 1.85 3.10 3.50 LOKOMOTIV PLOVDIV 1.16 1.21 1.64 2.50 1.90 4.00 2.25 2.20 3.60 - - - - - - - - - 2.85 1.20 1.58 1.92 1.12 3.50 2.85 1.62 3.50 1.78 1.72
AUT 10:00 689 2 ADMIRA WM 2.08 3.25 2.95 ST POLTEN 1.27 1.22 1.55 2.85 2.05 3.20 2.60 2.35 2.95 3.75 5.75 25.00 14.00 5.00 14.00 28.00 6.50 4.25 3.50 1.15 1.70 1.80 1.25 2.85 3.50 1.78 2.85 1.58 1.92
AUT 10:00 690 2 ALTACH 2.85 3.35 2.08 AUSTRIA VIENNA 1.54 1.20 1.28 3.60 2.05 2.60 3.30 2.35 2.35 5.00 7.25 28.00 14.00 5.00 14.00 25.00 5.25 3.20 3.50 1.15 1.80 1.70 1.25 2.85 3.50 1.78 2.85 1.58 1.92
AUT 10:00 691 3 HARTBERG 1.88 3.35 3.40 RIED 1.20 1.21 1.69 2.50 2.05 3.80 2.25 2.35 3.50 3.05 5.00 25.00 14.00 5.00 15.00 28.00 7.75 5.50 3.50 1.15 1.80 1.70 1.25 2.85 3.50 1.78 2.85 1.60 1.90
CRO 10:00 697 3 NK VARAZDIN SN 2.95 3.35 1.95 HAJDUK SPLIT 1.57 1.17 1.23 3.60 2.00 2.45 3.40 2.30 2.25 5.25 7.50 28.00 14.00 4.90 14.00 25.00 4.90 3.05 3.20 1.15 1.82 1.68 1.18 3.00 3.20 1.80 3.00 1.62 1.88
CZE 10:00 698 3 BRNO 2.45 3.15 2.50 MLADA BOLESLAV 1.38 1.24 1.39 3.20 1.88 3.20 2.90 2.15 2.90 4.60 6.00 25.00 14.00 3.90 14.00 25.00 6.00 4.60 3.30 1.18 1.90 1.60 1.22 3.00 3.30 1.78 3.00 1.55 1.95
CZE 10:00 699 3 VIKTORIA PLZEN 1.13 6.00 11.50 PRIBRAM - 1.03 3.94 1.50 2.75 8.75 1.37 3.30 8.50 1.58 4.00 19.00 20.00 9.50 23.00 50.00 25.00 19.00 5.25 1.04 2.50 1.32 1.55 1.95 5.25 2.00 1.95 1.82 1.68
CZE2 10:00 700 3 FK SLAVOJ VYSEHRAD 4.60 3.60 1.53 VARNSDORF 2.02 1.15 1.07 - - - - - - - - - - - - - - - - - - - - - - - - - -
CZE2 10:00 701 3 MFK CHRUDIM 2.10 3.05 2.90 TRINEC 1.24 1.22 1.49 - - - - - - - - - - - - - - - - - - - - - - - - - -
CZE2 10:00 702 3 PROSTEJOV 2.30 2.90 2.70 SK LISEN 1.28 1.24 1.40 - - - - - - - - - - - - - - - - - - - - - - - - - -
FRA 10:00 233 1 LYON 1.33 4.70 6.00 LORIENT 1.04 1.09 2.64 1.72 2.55 5.60 1.58 3.00 5.40 1.90 4.25 17.00 16.00 8.00 17.00 40.00 15.00 10.50 5.25 1.04 2.45 1.35 1.52 2.00 5.25 1.95 2.00 1.52 2.00
HUN 10:00 703 3 BUDAPEST HONVED 5.00 4.00 1.43 FERENCVAROS 2.22 1.11 1.05 5.50 2.15 1.90 5.25 2.50 1.70 - - - - - - - - - 4.25 1.06 2.05 1.50 1.35 2.25 4.25 1.75 2.25 1.58 1.92
ISR 10:00 704 3 HAPOEL KIRYAT SHMONA 2.30 2.80 2.80 MACCABI PETACH TIKVA 1.26 1.26 1.40 3.00 1.78 3.50 2.70 2.00 3.20 3.90 5.25 25.00 14.00 3.90 14.00 28.00 6.25 4.75 2.40 1.30 1.40 2.30 1.05 4.50 2.40 1.65 4.50 1.90 1.60
SCC 10:00 329 3 DUNDEE UTD. 4.00 3.20 1.70 HIBERNIAN 1.78 1.19 1.11 4.60 1.95 2.20 4.25 2.25 2.00 7.25 9.25 32.00 15.00 4.60 15.00 22.00 4.25 2.65 3.20 1.15 1.68 1.82 1.18 3.00 3.20 1.80 3.00 1.72 1.78
SVK 10:00 706 3 POHRONIE ZIAR NHDZ 1.78 3.45 3.40 ZEMPLIN 1.17 1.17 1.71 2.50 2.00 3.60 2.30 2.30 3.30 - - - - - - - - - 3.20 1.15 1.75 1.75 1.20 2.85 3.20 1.70 2.85 1.60 1.90
SVK 10:00 707 3 RUZOMBEROK 2.18 3.15 2.65 SENICA 1.29 1.20 1.44 2.50 2.00 3.60 2.25 2.25 3.35 - - - - - - - - - 3.20 1.15 1.70 1.80 1.20 2.85 3.20 1.70 2.85 1.60 1.90
SVK 10:00 708 3 ZILINA 1.58 4.10 3.60 TRENCIN 1.14 1.10 1.92 1.95 2.50 3.75 1.80 2.85 3.60 - - - - - - - - - 5.25 1.01 2.85 1.25 1.65 1.75 5.25 2.05 1.75 1.32 2.50
SVK 10:00 709 3 ZLATE MORAVCE 2.90 3.25 2.02 SPARTAK TRNAVA 1.53 1.19 1.25 3.45 2.00 2.60 3.15 2.25 2.35 - - - - - - - - - 3.20 1.15 1.68 1.82 1.18 3.00 3.20 1.65 3.00 1.65 1.85
BLR 10:30 711 3 MINSK 2.25 3.00 2.65 VITEBSK 1.29 1.22 1.41 2.85 1.90 3.35 2.60 2.15 3.05 - - - - - - - - - 2.85 1.20 1.58 1.92 1.12 3.50 2.85 1.62 3.50 1.72 1.78
ESP3 10:30 712 3 LEIOA 3.50 2.70 2.00 CLUB HARO DEPORTIVO 1.52 1.27 1.15 - - - - - - - - - - - - - - - 2.50 1.28 1.40 2.30 1.06 4.25 2.50 1.62 4.25 1.85 1.65
POL 10:30 713 3 LECHIA GDANSK 1.92 3.15 3.25 CRACOVIA KRAKOW 1.19 1.21 1.60 2.65 1.95 3.45 2.40 2.20 3.20 3.40 5.25 25.00 14.00 4.60 14.00 28.00 6.75 4.90 3.20 1.15 1.65 1.85 1.15 3.20 3.20 1.75 3.20 1.65 1.85
POL3 10:30 714 3 KKS 1925 KALISZ 3.00 3.00 2.08 GKS KATOWICE 1.50 1.23 1.23 - - - - - - - - - - - - - - - - - - - - - - - - - -
POL3 10:30 715 3 SKRA CZESTOCHOWA 1.92 3.15 3.15 POGON SIEDLCE 1.19 1.19 1.58 - - - - - - - - - - - - - - - - - - - - - - - - - -
SUE 10:30 716 3 ELFSBURGO 1.75 3.10 4.25 KALMAR 1.12 1.24 1.79 2.10 2.08 5.25 1.90 2.40 4.90 2.40 4.10 23.00 16.00 5.25 17.00 40.00 11.00 8.75 3.10 1.20 1.60 1.90 1.18 3.30 3.10 1.75 3.30 1.85 1.65
SUE 10:30 717 2 OREBRO 2.70 3.05 2.35 HALMSTAD 1.43 1.26 1.33 3.05 1.92 3.30 2.80 2.20 3.00 4.00 5.75 25.00 14.00 4.50 14.00 28.00 6.25 4.40 2.85 1.25 1.58 1.92 1.15 3.50 2.85 1.78 3.50 1.75 1.75
ISR 10:45 718 3 BNEY YEHUDA 2.65 2.90 2.30 HAPOEL TEL AVIV 1.38 1.23 1.28 3.40 1.80 3.00 3.05 2.05 2.70 4.40 6.00 28.00 14.00 4.10 14.00 25.00 5.50 3.90 2.40 1.30 1.42 2.25 1.06 4.25 2.40 1.68 4.25 1.88 1.62
ARG 11:00 719 1 GODOY CRUZ 3.40 3.10 1.95 BANFIELD 1.62 1.24 1.20 4.00 1.95 2.60 3.70 2.20 2.35 5.75 7.75 28.00 15.00 4.50 15.00 25.00 4.90 3.20 2.85 1.25 1.55 1.95 1.15 3.50 2.85 1.78 3.50 1.78 1.72
CHI 11:00 720 3 U. CATOLICA 1.72 3.25 3.75 UNION LA CALERA 1.12 1.18 1.74 2.30 1.90 4.40 2.10 2.20 4.10 2.85 4.40 22.00 14.00 4.40 15.00 32.00 8.50 7.00 3.20 1.15 1.70 1.80 1.15 3.20 3.20 1.75 3.20 1.68 1.82
ESP3 11:00 722 3 UP LANGREO 2.40 2.65 2.85 COMPOSTELA 1.26 1.30 1.37 - - - - - - - - - - - - - - - 2.25 1.35 1.35 2.45 1.02 5.00 2.25 1.65 5.00 1.95 1.55
ITA 11:00 223 1 INTER 1.45 4.30 5.40 SAMPDORIA 1.08 1.14 2.39 1.85 2.45 5.50 1.70 2.85 5.25 2.05 4.25 18.00 15.00 7.25 16.00 40.00 13.00 9.25 4.50 1.08 2.15 1.45 1.40 2.30 4.50 1.90 2.30 1.60 1.90
PER 11:00 323 1 MELGAR 1.70 3.40 4.10 ALIANZA ATLETICO 1.13 1.20 1.86 2.30 2.10 4.70 2.00 2.30 4.10 2.80 4.60 23.00 15.00 5.25 16.00 40.00 9.75 7.25 3.40 1.22 1.75 1.82 1.25 3.20 3.40 1.75 3.20 1.83 1.87
POR2 11:00 723 3 BENFICA II 1.90 2.95 3.50 SPORTING COVILHA 1.16 1.23 1.60 2.50 1.85 4.10 2.25 2.10 3.75 3.15 4.60 25.00 14.00 4.25 15.00 28.00 7.75 6.25 2.85 1.20 1.55 1.95 1.12 3.50 2.85 1.78 3.50 1.78 1.72
ESP2 11:15 726 3 PONFERRADINA 2.10 2.90 3.25 ALBACETE 1.22 1.28 1.53 2.75 1.85 4.10 2.45 2.12 3.70 3.45 4.90 25.00 15.00 4.10 15.00 28.00 7.50 5.75 2.60 1.30 1.42 2.25 1.10 4.00 2.60 1.78 4.00 1.88 1.62
ESP2 11:15 727 3 ZARAGOZA 4.40 2.75 1.85 ESPANYOL 1.69 1.30 1.11 5.25 1.80 2.50 4.80 2.05 2.20 9.00 9.25 32.00 17.00 3.60 16.00 23.00 4.25 3.05 2.70 1.28 1.48 2.10 1.12 3.90 2.70 1.75 3.90 1.88 1.62
SUI 11:15 729 3 LUGANO 1.95 3.15 3.30 VADUZ 1.20 1.23 1.61 2.55 1.98 4.00 2.30 2.25 3.70 3.15 4.90 25.00 14.00 4.75 15.00 28.00 7.75 5.75 3.00 1.22 1.52 2.00 1.15 3.50 3.00 1.72 3.50 1.78 1.72
SUI2 11:15 730 3 SCHAFFHAUSEN 2.50 3.45 2.18 AARAU 1.45 1.16 1.34 2.80 2.15 2.80 2.60 2.45 2.60 3.75 6.00 23.00 13.00 5.25 13.00 23.00 6.00 3.75 4.75 1.03 2.15 1.45 1.42 2.10 4.75 1.78 2.10 1.35 2.45
ICL 11:20 731 3 TORQUAY 1.98 3.05 3.20 BROMLEY 1.20 1.22 1.56 2.35 1.95 4.10 2.10 2.25 3.75 2.85 4.60 22.00 14.00 4.75 15.00 32.00 8.00 6.25 3.20 1.15 1.70 1.80 1.18 3.00 3.20 1.80 3.00 1.65 1.85
ALE 11:30 246 1 BAYERN 1.35 5.00 5.75 MONCHENGLADBACH 1.06 1.09 2.67 1.72 2.75 5.40 1.60 3.25 5.25 1.90 4.50 16.00 16.00 9.00 17.00 38.00 15.00 9.50 6.25 1.01 3.00 1.22 1.80 1.70 6.25 2.30 1.70 1.38 2.35
BEL 11:30 732 1 STANDARD LIEGE 2.65 3.45 2.15 GENT 1.50 1.19 1.32 3.00 2.12 2.85 2.80 2.45 2.65 4.10 6.25 28.00 14.00 5.25 14.00 25.00 6.00 3.75 4.00 1.10 2.00 1.52 1.35 2.45 4.00 1.85 2.45 1.42 2.25
ESP 11:30 214 1 CADIZ 3.35 3.10 2.05 HUESCA 1.61 1.27 1.23 4.00 1.92 2.80 3.60 2.18 2.50 5.50 7.25 28.00 15.00 4.25 15.00 25.00 5.00 3.45 2.60 1.30 1.45 2.15 1.10 4.00 2.60 1.85 4.00 1.88 1.62
GRE 11:30 734 3 LAMIA 7.50 3.35 1.38 OFI 2.32 1.17 - - - - - - - - - - - - - - - - - - - - - - - - - - -
GRE 11:30 735 3 PANETOLIKOS 1.55 2.70 7.25 ATROMITOS - 1.28 1.97 - - - - - - - - - - - - - - - - - - - - - - - - - -
GRE 11:30 736 3 PAS GIANNINA 2.02 2.60 3.70 APOLLON SMIRNIS 1.14 1.31 1.53 2.80 1.65 4.60 2.50 1.90 4.10 3.75 4.50 25.00 15.00 3.05 16.00 28.00 7.50 7.25 2.50 1.28 1.40 2.30 1.06 4.25 2.50 1.62 4.25 1.85 1.65
GRE 11:30 737 3 VOLOS NFC 3.00 3.10 2.02 LARISA 1.52 1.21 1.22 3.50 1.90 2.70 3.20 2.15 2.45 4.40 6.75 28.00 14.00 4.90 14.00 25.00 5.00 3.25 2.25 1.35 1.38 2.35 1.03 4.75 2.25 1.68 4.75 2.05 1.50
INPL 11:30 204 1 MANCHESTER CITY 1.90 3.30 3.95 CHELSEA 1.21 1.28 1.80 2.50 1.98 4.50 2.25 2.25 4.10 2.95 4.60 23.00 15.00 4.60 15.00 32.00 8.50 6.50 2.85 1.25 1.60 2.05 1.15 3.50 2.85 1.85 3.50 1.80 1.70
RUS 11:30 739 1 CSKA MOSCU 1.78 3.75 3.35 KRASNODAR 1.21 1.16 1.77 2.65 2.10 3.40 2.40 2.40 3.15 3.30 5.25 25.00 14.00 5.25 14.00 28.00 7.00 4.90 3.90 1.12 2.15 1.45 1.30 2.60 3.90 1.78 2.60 1.50 2.05
HOL 11:45 740 1 HEERENVEEN 3.45 3.60 1.78 UTRECHT 1.76 1.17 1.19 3.70 2.12 2.45 3.45 2.45 2.20 5.50 7.75 28.00 14.00 5.25 14.00 23.00 5.00 3.00 3.90 1.12 1.95 1.55 1.30 2.60 3.90 1.78 2.60 1.52 2.00
ESP3 12:00 721 3 CD MARINO 3.00 2.90 2.12 LORCA DEPORTIVA CF 1.47 1.24 1.22 - - - - - - - - - - - - - - - 2.25 1.35 1.38 2.35 1.03 4.75 2.25 1.68 4.75 2.00 1.52
IRL 12:00 744 3 BOHEMIAN 1.81 3.20 3.50 FINN HARPS 1.16 1.19 1.67 2.35 1.95 4.10 2.15 2.20 3.75 2.90 4.60 22.00 14.00 4.75 15.00 32.00 8.00 6.00 2.85 1.20 1.50 2.05 1.12 3.50 2.85 1.78 3.50 1.78 1.72
IRL 12:00 745 3 ST PATRICKS 2.90 2.80 2.25 SHAMROCK ROVERS 1.42 1.27 1.25 3.60 1.78 2.90 3.30 2.05 2.60 5.00 6.50 28.00 14.00 4.00 14.00 25.00 5.25 3.75 2.40 1.30 1.40 2.30 1.05 4.50 2.40 1.78 4.50 1.90 1.60
IRL 12:00 746 3 WATERFORD 3.30 3.10 1.92 DROGHEDA 1.60 1.21 1.19 3.75 1.85 2.65 3.45 2.10 2.40 5.25 7.00 28.00 15.00 4.25 14.00 25.00 4.90 3.35 2.60 1.25 1.50 2.05 1.10 3.75 2.60 1.80 3.75 1.82 1.68
POL3 12:00 747 3 LKP  MOTOR LUBLIN 1.67 3.60 3.60 SOKOL OSTRODA 1.14 1.14 1.80 - - - - - - - - - - - - - - - - - - - - - - - - - -
POR2 12:00 748 3 CD MAFRA 3.20 3.10 1.95 ACADEMICA 1.57 1.21 1.20 4.10 2.00 2.30 3.75 2.30 2.10 6.00 8.50 32.00 15.00 5.25 14.00 22.00 4.60 2.70 2.75 1.22 1.55 1.95 1.10 3.75 2.75 1.75 3.75 1.85 1.65
RUS2 12:00 1303 3 BALTIKA KALININGRAD 1.33 3.60 8.25 TEKSTILSHCHIK IVANOVO - 1.15 2.51 1.85 1.85 9.00 1.65 2.20 8.25 2.10 3.45 20.00 18.00 4.40 20.00 38.00 17.00 17.00 2.40 1.30 1.42 2.25 1.06 4.25 2.40 1.68 4.25 2.50 1.32
USA 12:00 262 1 CHICAGO 2.02 3.35 2.95 PHILADELPHIA 1.26 1.20 1.57 2.85 2.20 2.90 2.60 2.50 2.70 3.75 6.00 25.00 14.00 6.00 14.00 25.00 6.25 3.75 4.00 1.10 2.00 1.52 1.35 2.45 4.00 1.85 2.45 1.45 2.15
USA 12:00 263 1 NEW YORK 1.95 3.35 3.15 TORONTO 1.23 1.20 1.62 2.40 2.30 3.40 2.20 2.60 3.20 2.90 5.25 21.00 14.00 6.50 14.00 28.00 7.75 4.90 4.50 1.08 2.00 1.52 1.40 2.30 4.50 1.85 2.30 1.42 2.25
ISR 12:15 750 3 HAPOEL HAIFA 1.75 3.15 3.90 HAPOEL KFAR SABA 1.13 1.21 1.74 2.35 1.90 4.50 2.10 2.15 4.10 2.80 4.40 22.00 14.00 4.50 15.00 32.00 8.50 6.50 2.60 1.25 1.60 1.90 1.08 4.00 2.60 1.62 4.00 1.90 1.60
BLR 12:30 751 3 SLAVIA MOZYR 2.95 3.15 2.05 DINAMO BREST 1.52 1.21 1.24 3.60 2.05 2.45 3.30 2.35 2.20 - - - - - - - - - 3.50 1.12 1.85 1.65 1.22 2.75 3.50 1.65 2.75 1.55 1.95
CZE 12:30 752 3 BOHEMIANS 1905 2.80 2.95 2.30 SLOVAN LIBEREC 1.44 1.26 1.29 3.50 1.85 3.10 3.15 2.10 2.80 4.75 6.25 28.00 15.00 4.10 15.00 25.00 5.50 4.10 2.50 1.32 1.48 2.10 1.10 4.00 2.50 1.80 4.00 1.85 1.65
HUN 12:30 753 3 UJPEST 2.40 3.15 2.40 ZALAEGERSZEG 1.36 1.20 1.36 2.95 2.00 2.95 2.70 2.30 2.70 - - - - - - - - - 3.75 1.10 1.90 1.60 1.28 2.50 3.75 1.72 2.50 1.48 2.10
ISR 12:30 754 3 BEITAR JERUSALEM 1.85 3.00 3.70 HAPOEL BNEI SAKHNIN 1.14 1.23 1.66 2.25 1.90 4.90 2.05 2.15 4.40 2.65 4.10 22.00 14.00 4.40 15.00 38.00 9.00 7.25 2.60 1.25 1.48 2.10 1.08 4.00 2.60 1.62 4.00 1.95 1.55
TUR 12:30 755 3 ANKARAGUCU 4.60 3.90 1.52 FENERBAHCE 2.11 1.14 1.09 4.40 2.10 2.25 4.10 2.40 2.02 7.00 9.25 32.00 15.00 5.00 15.00 23.00 4.50 2.70 3.50 1.15 2.05 1.50 1.28 2.70 3.50 1.85 2.70 1.60 1.90
TUR 12:30 756 2 ERZURUM 2.55 3.15 2.40 KASIMPASA 1.41 1.24 1.36 3.15 1.98 3.05 2.85 2.25 2.80 4.10 6.00 25.00 15.00 4.75 15.00 25.00 6.00 4.00 3.00 1.22 1.62 1.88 1.18 3.30 3.00 1.78 3.30 1.65 1.85
TUR 12:30 757 1 GALATASARAY 2.20 3.20 2.75 BESIKTAS 1.30 1.22 1.48 2.90 2.12 3.05 2.65 2.40 2.80 3.90 6.00 25.00 14.00 5.25 14.00 28.00 6.25 4.10 4.00 1.10 1.88 1.62 1.35 2.45 4.00 1.85 2.45 1.45 2.15
TUR 12:30 758 2 GOEZTEPE 2.18 3.15 2.80 KONYASPOR 1.29 1.23 1.48 2.45 2.30 3.20 2.25 2.65 3.00 3.10 5.50 21.00 14.00 6.25 14.00 25.00 7.50 4.60 5.50 1.03 1.85 1.65 1.58 1.92 5.50 2.00 1.90 1.30 2.60
TUR 12:30 759 3 HATAYSPOR 1.42 4.10 5.50 DENIZLISPOR 1.05 1.13 2.35 2.05 2.20 4.80 1.85 2.55 4.50 2.35 4.40 21.00 15.00 6.00 16.00 40.00 10.50 7.75 3.90 1.12 1.95 1.55 1.30 2.60 3.90 1.78 2.60 1.62 1.88
TUR 12:30 760 2 KARAGUMRUK 2.02 3.40 2.95 GENCLERBIRLIGI 1.27 1.20 1.58 2.00 2.12 5.60 1.81 2.45 5.25 2.30 4.10 23.00 16.00 5.00 17.00 40.00 12.00 10.00 4.00 1.10 1.85 1.65 1.35 2.45 4.00 1.85 2.45 1.60 1.90
TUR 12:30 761 2 KAYSERISPOR 2.10 3.25 2.90 GAZIANTEP BLD SPOR 1.28 1.22 1.53 3.45 1.95 2.95 3.10 2.20 2.65 4.60 6.50 28.00 14.00 4.50 14.00 25.00 5.50 3.75 2.85 1.25 1.90 1.60 1.15 3.50 2.85 1.78 3.50 1.72 1.78
TUR 12:30 762 2 RIZESPOR 2.35 3.10 2.65 YENI MALATYASPOR 1.34 1.25 1.43 2.60 2.00 3.80 2.35 2.30 3.50 3.25 5.00 25.00 14.00 4.75 15.00 28.00 7.50 5.50 3.10 1.20 1.65 1.85 1.18 3.30 3.10 1.75 3.30 1.68 1.82
TUR 12:30 763 2 SIVASSPOR 2.35 2.90 2.80 BASAKSEHIR 1.30 1.28 1.42 2.95 1.92 3.40 2.65 2.20 3.10 3.90 5.50 25.00 14.00 4.50 14.00 28.00 6.50 4.60 2.85 1.25 1.45 2.15 1.15 3.50 2.85 1.78 3.50 1.70 1.80
TUR 12:30 764 3 TRABZONSPOR 1.63 3.30 4.70 ANTALYASPOR 1.09 1.21 1.94 2.15 2.12 4.75 1.95 2.45 4.40 2.50 4.40 22.00 15.00 5.50 16.00 40.00 10.00 7.50 3.30 1.18 1.65 1.85 1.22 3.00 3.30 1.78 3.00 1.70 1.80
USA 12:30 264 1 COLUMBUS 1.53 3.80 4.75 DC UNITED 1.09 1.16 2.11 1.98 2.20 5.25 1.80 2.55 5.00 2.25 4.25 21.00 15.00 6.00 16.00 40.00 11.50 8.75 3.90 1.12 1.88 1.62 1.28 2.70 3.90 1.75 2.70 1.68 1.82
USA 12:30 265 1 NASHVILLE SC 2.20 3.30 2.70 NEW ENGLAND 1.32 1.21 1.49 3.00 2.02 3.10 2.75 2.30 2.85 4.00 6.00 25.00 14.00 4.90 14.00 25.00 6.00 4.10 3.30 1.18 1.72 1.78 1.22 3.00 3.30 1.78 3.00 1.58 1.92
ECU 13:00 766 2 ORENSE SC 2.10 3.05 2.90 9 DE OCTUBRE FC 1.24 1.22 1.49 2.55 1.90 3.75 2.30 2.15 3.50 3.25 4.75 25.00 14.00 4.10 14.00 28.00 7.25 5.75 3.20 1.15 1.68 1.82 1.18 3.00 3.20 1.65 3.00 1.60 1.90
FRA2 13:00 767 2 AJACCIO 3.05 3.05 2.10 PARIS FC 1.53 1.24 1.24 3.80 1.85 2.95 3.40 2.10 2.65 5.50 6.75 28.00 15.00 3.90 15.00 25.00 5.25 3.90 2.85 1.25 1.55 1.95 1.15 3.50 2.85 1.78 3.50 1.70 1.80
FRA2 13:00 768 2 AMIENS 2.75 2.95 2.35 CHAMOIS NIORTAIS 1.42 1.27 1.31 2.85 1.92 3.60 2.60 2.18 3.25 3.75 5.25 25.00 14.00 4.25 14.00 28.00 6.75 5.25 3.10 1.20 1.58 1.92 1.18 3.30 3.10 1.75 3.30 1.62 1.88
FRA2 13:00 769 2 AUXERRE 2.02 3.00 3.30 GRENOBLE 1.21 1.25 1.57 2.60 1.92 4.10 2.35 2.20 3.70 3.25 4.90 25.00 14.00 4.40 15.00 28.00 7.75 6.00 3.00 1.22 1.60 1.90 1.18 3.30 3.00 1.78 3.30 1.70 1.80
FRA2 13:00 770 2 CHAMBLY 2.70 2.85 2.45 PAU FC 1.39 1.28 1.32 3.25 1.85 3.30 2.95 2.10 3.00 4.40 5.75 25.00 15.00 4.00 15.00 25.00 6.00 4.50 2.70 1.28 1.48 2.10 1.12 3.90 2.70 1.75 3.90 1.78 1.72
FRA2 13:00 771 3 CLERMONT 1.38 4.00 6.25 SOCHAUX 1.03 1.13 2.44 1.82 2.20 6.50 1.65 2.60 6.25 2.05 3.90 21.00 16.00 6.25 18.00 40.00 15.00 11.50 3.50 1.15 1.80 1.70 1.22 3.00 3.50 1.72 3.00 1.90 1.60
FRA2 13:00 773 2 RODEZ AVEYRON 2.25 2.75 3.10 NANCY 1.24 1.30 1.46 2.95 1.82 3.80 2.65 2.08 3.45 3.90 5.25 25.00 14.00 3.90 15.00 28.00 6.75 5.50 2.85 1.25 1.48 2.10 1.12 3.90 2.85 1.68 3.90 1.78 1.72
FRA2 13:00 774 3 TOULOUSE 1.55 3.40 5.10 CAEN 1.06 1.19 2.04 2.10 2.02 5.60 1.88 2.35 5.25 2.40 4.10 23.00 16.00 4.75 17.00 40.00 11.50 9.75 3.10 1.20 1.65 1.85 1.18 3.30 3.10 1.75 3.30 1.85 1.65
FRA2 13:00 775 3 TROYES 1.48 3.60 5.75 DUNKERQUE 1.05 1.18 2.21 2.02 2.08 5.60 1.82 2.40 5.25 2.30 4.10 23.00 16.00 5.25 17.00 40.00 11.50 9.25 3.10 1.20 1.58 1.92 1.18 3.30 3.10 1.75 3.30 1.88 1.62
FRA2 13:00 776 3 VALENCIENNES 3.60 2.95 1.95 LE HAVRE 1.62 1.26 1.17 3.90 1.90 2.75 3.60 2.15 2.45 5.75 7.25 28.00 15.00 4.25 15.00 25.00 5.00 3.45 2.85 1.25 1.55 1.95 1.15 3.50 2.85 1.78 3.50 1.78 1.72
HOL 13:00 777 1 AZ ALKMAAR 1.25 5.10 7.50 FORT. SITTARD - 1.07 3.04 1.62 2.65 6.50 1.48 3.10 6.25 1.75 4.10 18.00 18.00 8.50 20.00 50.00 18.00 13.00 5.50 1.03 2.50 1.32 1.58 1.92 5.50 2.00 1.90 1.58 1.92
POL 13:00 778 3 WISLA KRAKOW 2.90 3.25 2.02 LECH POZNAN 1.53 1.19 1.25 3.40 2.05 2.55 3.15 2.30 2.30 4.75 7.00 28.00 14.00 5.00 14.00 25.00 5.25 3.20 3.75 1.10 1.85 1.65 1.25 2.60 3.75 1.80 2.60 1.52 2.00
POL2 13:00 779 3 NIECIECZA 1.72 3.30 4.00 MIEDZ LEGNICA 1.13 1.20 1.81 2.40 2.02 4.10 2.18 2.35 3.80 2.85 4.75 23.00 14.00 5.50 15.00 32.00 8.25 5.75 2.85 1.25 1.60 1.90 1.12 3.90 2.85 1.68 3.90 1.88 1.62
URU 13:00 1377 3 RIVER PLATE (URU) 1.70 3.20 4.00 CERRITO CS 1.11 1.19 1.78 2.25 2.00 4.40 2.00 2.30 4.10 2.65 4.25 22.00 14.00 4.60 15.00 32.00 8.75 7.00 3.20 1.15 1.75 1.75 1.20 2.85 3.20 1.70 2.85 1.65 1.85
PER 13:15 324 1 UNIVERSITARIO 2.45 3.20 2.45 CIENCIANO 1.39 1.23 1.39 3.15 2.05 3.15 2.75 2.25 2.75 4.25 6.25 28.00 15.00 5.00 15.00 28.00 6.25 4.25 3.20 1.25 1.70 1.88 1.22 3.40 3.20 1.75 3.40 1.75 1.95
ROM 13:15 780 3 DINAMO BUCAREST 1.92 3.00 3.35 HERMANSTADT 1.17 1.22 1.58 2.55 1.85 4.00 2.30 2.10 3.60 3.10 4.60 25.00 14.00 4.25 15.00 28.00 7.50 5.75 2.60 1.25 1.48 2.10 1.08 4.00 2.60 1.62 4.00 1.85 1.65
ESP2 13:30 786 3 ALCORCON 1.98 2.90 3.50 LAS PALMAS 1.18 1.26 1.59 2.95 1.80 3.90 2.65 2.05 3.50 3.90 5.25 25.00 15.00 3.90 15.00 28.00 7.00 5.50 2.60 1.30 1.40 2.30 1.10 4.00 2.60 1.78 4.00 1.85 1.65
SUI 13:30 787 3 YOUNG BOYS 1.63 3.45 4.40 BASEL 1.11 1.19 1.93 2.00 2.35 4.40 1.82 2.75 4.20 2.30 4.50 19.00 15.00 6.50 16.00 38.00 10.50 7.25 5.00 1.05 2.35 1.38 1.50 2.05 5.00 1.95 2.05 1.42 2.25
BEL 13:45 788 1 ANDERLECHT 1.67 3.40 4.25 ANTWERP 1.12 1.20 1.89 2.35 2.12 4.00 2.15 2.45 3.70 2.85 4.75 22.00 14.00 5.50 15.00 32.00 8.25 5.75 3.90 1.12 1.72 1.78 1.28 2.70 3.90 1.75 2.70 1.55 1.95
BEL2 13:45 789 3 WAASLAND-BEVEREN 2.25 3.35 2.45 RFC SERAING UNITED 1.35 1.17 1.42 2.65 2.05 3.10 2.45 2.35 2.90 3.40 5.50 25.00 14.00 5.25 14.00 28.00 6.50 4.25 3.50 1.12 1.85 1.65 1.22 2.75 3.50 1.80 2.75 1.55 1.95
ITA 13:45 224 1 FIORENTINA 3.60 3.60 1.78 LAZIO 1.80 1.19 1.19 4.00 2.20 2.30 3.75 2.55 2.12 6.00 8.50 32.00 15.00 5.50 14.00 22.00 4.75 2.70 4.00 1.10 2.00 1.52 1.35 2.45 4.00 1.90 2.45 1.48 2.10
LPPO 13:45 790 3 CESENA 1.78 3.05 3.80 MANTOVA 1.12 1.21 1.69 2.40 1.90 4.25 2.15 2.15 3.90 - - - - - - - - - 2.85 1.20 1.58 1.92 1.12 3.50 2.85 1.62 3.50 1.78 1.72
BHR 14:00 793 3 AL RIFFA 1.17 5.40 9.00 MALKIYA - 1.04 3.38 1.50 2.70 7.00 1.38 3.20 6.75 - - - - - - - - - 5.00 1.02 2.45 1.35 1.48 2.00 5.00 1.80 2.00 1.72 1.78
BHR 14:00 794 3 AL-AHLI (MANAMA) 2.15 3.25 2.65 AL-NAJMA MANAMA 1.29 1.19 1.46 2.80 1.95 3.30 2.55 2.20 3.00 - - - - - - - - - 2.85 1.20 1.60 1.90 1.12 3.50 2.85 1.62 3.50 1.70 1.80
BOL 14:00 1382 3 THE STRONGEST 1.18 5.00 9.50 ROYAL PARI SION - 1.05 3.28 1.52 2.55 7.75 1.38 3.05 7.50 1.60 3.75 19.00 19.00 7.50 21.00 50.00 21.00 17.00 5.25 1.01 2.60 1.30 1.60 1.80 5.25 2.00 1.80 1.65 1.85
ESP 14:00 215 1 ATHLETIC BILBAO 1.70 3.30 4.50 OSASUNA 1.12 1.23 1.90 2.35 1.98 5.00 2.12 2.25 4.50 2.75 4.40 23.00 15.00 4.75 16.00 32.00 9.50 7.50 2.70 1.28 1.50 2.05 1.12 3.90 2.70 1.80 3.90 1.92 1.58
ESP2 14:00 797 3 MALAGA 3.60 2.95 1.95 MALLORCA 1.62 1.26 1.17 4.40 1.82 2.70 4.00 2.08 2.40 6.50 7.75 28.00 16.00 3.90 15.00 25.00 4.75 3.35 2.50 1.32 1.38 2.35 1.08 4.50 2.50 1.72 4.50 1.90 1.60
HOL 14:00 798 1 VVV VENLO 2.30 3.25 2.60 WAALWIJK 1.35 1.22 1.44 2.90 2.05 3.15 2.70 2.35 2.85 3.90 5.75 25.00 14.00 4.90 14.00 28.00 6.25 4.25 3.50 1.15 1.88 1.62 1.25 2.85 3.50 1.78 2.85 1.55 1.95
USA 14:00 266 1 VANCOUVER 2.70 3.40 2.15 MONTREAL 1.50 1.20 1.32 2.75 2.15 3.10 2.55 2.45 2.85 3.60 5.75 25.00 13.00 5.75 14.00 25.00 6.50 4.10 3.90 1.12 2.00 1.52 1.30 2.60 3.90 1.78 2.60 1.48 2.10
INPL 14:15 251 1 LIVERPOOL 1.25 5.25 7.75 SOUTHAMPTON 1.01 1.08 3.13 1.65 2.65 7.00 1.52 3.15 6.75 1.72 4.10 19.00 18.00 8.50 20.00 50.00 18.00 13.00 5.00 1.05 2.35 1.38 1.50 2.05 5.00 2.05 2.05 1.68 1.82
ISL 14:15 802 3 AKRANES 3.60 3.60 1.68 VIKINGUR REYKJAVIK 1.80 1.15 1.15 3.40 2.20 2.30 3.20 2.55 2.10 4.90 7.75 30.00 14.00 6.00 13.00 21.00 5.00 2.85 4.60 1.04 2.30 1.40 1.40 2.15 4.60 1.95 2.15 1.40 2.30
ISL 14:15 803 3 KOPAVOGUR 2.08 3.25 2.80 FYLKIR 1.27 1.19 1.50 2.50 2.10 3.35 2.25 2.40 3.10 3.10 5.25 23.00 13.00 5.25 14.00 28.00 7.00 4.75 4.00 1.08 2.00 1.52 1.32 2.35 4.00 1.90 2.35 1.45 2.15
ISL 14:15 804 3 LEIKNIR REYKJAVIK 8.50 5.25 1.18 BREIDABLIK 3.25 1.04 - 6.50 2.45 1.62 6.25 2.90 1.48 12.00 17.00 50.00 19.00 7.50 18.00 19.00 4.00 1.75 4.75 1.03 2.35 1.38 1.45 2.05 4.75 2.00 2.05 1.65 1.85
POR2 14:15 805 2 ESTORIL 2.02 2.75 3.40 CHAVES 1.16 1.27 1.52 2.65 1.80 4.00 2.35 2.05 3.60 3.40 4.75 25.00 15.00 3.75 15.00 28.00 7.25 6.25 2.85 1.20 1.58 1.92 1.12 3.50 2.85 1.78 3.50 1.68 1.82
CHI 14:30 807 2 DEP LA SERENA 2.20 3.00 2.75 NUBLENSE 1.27 1.22 1.43 2.70 2.00 3.25 2.50 2.25 2.95 3.50 5.50 25.00 14.00 4.90 14.00 28.00 6.50 4.40 3.20 1.15 1.70 1.80 1.20 2.85 3.20 1.85 2.85 1.58 1.92
USA 14:30 267 1 DALLAS 1.78 3.50 3.50 HOUSTON 1.18 1.18 1.75 2.20 2.20 4.00 2.02 2.55 3.80 2.65 4.75 21.00 14.00 6.00 15.00 32.00 9.00 6.00 3.90 1.12 2.10 1.48 1.30 2.60 3.90 1.78 2.60 1.55 1.95
URU 15:15 1387 3 TORQUE 1.55 3.30 4.75 INSTITUCION ATLETICA SUD AMER 1.05 1.17 1.95 2.10 1.95 5.25 1.90 2.30 4.75 2.40 4.00 22.00 15.00 4.75 16.00 38.00 10.00 8.25 3.00 1.18 1.65 1.85 1.15 3.20 3.00 1.65 3.20 1.82 1.68
ECU 15:30 822 3 INDEP. JOSE TERAN 1.92 3.35 3.00 LDU QUITO 1.22 1.17 1.58 2.20 2.10 3.90 2.05 2.40 3.60 2.60 4.60 21.00 14.00 5.50 14.00 32.00 8.25 5.75 3.75 1.10 1.92 1.58 1.28 2.50 3.75 1.72 2.50 1.55 1.95
PER 15:30 325 1 CUSCO FC 3.60 3.40 1.80 SPORTING CRISTAL 1.75 1.20 1.18 4.20 2.15 2.40 3.60 2.35 2.05 6.25 8.75 35.00 15.00 5.50 15.00 23.00 5.00 2.95 3.75 1.18 1.88 1.70 1.32 2.80 3.75 1.80 2.80 1.68 2.05
PAR 16:45 834 2 SPORTIVO LUQUENO 2.60 3.10 2.25 GUARANI ASUNCION 1.41 1.21 1.30 3.10 2.00 2.80 2.85 2.30 2.55 4.25 6.25 28.00 13.00 4.60 13.00 25.00 5.50 3.60 3.75 1.10 1.85 1.65 1.25 2.60 3.75 1.68 2.60 1.50 2.05
CHI 17:00 836 3 SANTIAGO WANDERERS 1.92 3.15 3.25 MELIPILLA 1.19 1.21 1.60 2.25 1.95 4.50 2.00 2.25 4.10 2.65 4.40 22.00 14.00 4.90 15.00 32.00 9.00 6.75 3.00 1.18 1.65 1.85 1.15 3.20 3.00 1.80 3.20 1.78 1.72
USA 17:00 268 1 ORLANDO CITY 2.25 3.40 2.55 NEW YORK CITY 1.35 1.20 1.46 2.75 2.25 2.90 2.55 2.60 2.70 3.60 6.00 23.00 14.00 6.50 14.00 25.00 6.50 3.75 4.50 1.08 2.00 1.52 1.38 2.35 4.50 1.80 2.35 1.42 2.25
PER 18:00 326 1 CARLOS MANNUCCI 2.90 3.20 2.15 AYACUCHO FC 1.52 1.23 1.29 3.60 2.08 2.80 3.10 2.25 2.40 5.00 7.25 30.00 15.00 5.00 15.00 25.00 5.50 3.60 3.40 1.22 1.78 1.78 1.28 3.00 3.40 1.80 3.00 1.68 2.05
BOL 18:30 1390 2 INDEPENDIENTE PETROLERO 2.05 3.10 2.90 ATLETICO PALMAFLOR VINTO 1.23 1.20 1.50 2.50 2.10 3.25 2.30 2.40 3.05 3.35 5.25 20.00 12.00 4.90 12.50 25.00 7.00 4.90 5.25 1.01 2.45 1.35 1.52 1.90 5.25 1.90 1.90 1.30 2.60
ECU 18:30 844 3 BARCELONA GUA 1.78 3.15 3.60 EMELEC 1.14 1.19 1.68 2.40 1.90 4.10 2.20 2.20 3.75 2.90 4.50 22.00 14.00 4.50 14.00 32.00 7.75 6.00 3.00 1.18 1.68 1.82 1.15 3.20 3.00 1.65 3.20 1.70 1.80
MEXP 19:00 1392 1 ATLAS 2.35 2.90 2.80 TIGRES UANL 1.30 1.28 1.42 3.05 1.88 3.50 2.75 2.12 3.15 4.00 5.50 25.00 14.00 4.10 15.00 28.00 6.25 4.75 2.70 1.28 1.50 2.05 1.12 3.90 2.70 1.75 3.90 1.78 1.72
PAR 19:01 849 2 CERRO PORTENO 1.65 3.20 4.25 NACIONAL ASUNCION 1.09 1.19 1.83 2.15 2.00 4.60 1.95 2.30 4.25 2.55 4.25 22.00 14.00 4.60 15.00 38.00 9.25 7.50 3.75 1.10 1.85 1.65 1.25 2.60 3.75 1.68 2.60 1.58 1.92
USA 19:02 269 1 LOS ANGELES 3.10 3.50 1.92 LOS ANGELES FC 1.64 1.19 1.24 3.25 2.18 2.60 3.05 2.50 2.40 4.75 7.00 28.00 13.00 5.00 13.00 23.00 5.50 3.45 5.25 1.04 2.45 1.35 1.52 2.00 5.25 1.95 2.00 1.32 2.50
CHI 19:03 851 2 COLO COLO 2.10 3.15 2.80 PALESTINO 1.26 1.20 1.48 2.70 1.95 3.35 2.45 2.20 3.10 3.45 5.25 25.00 14.00 4.60 14.00 28.00 6.50 4.75 3.20 1.15 1.68 1.82 1.15 3.20 3.20 1.75 3.20 1.65 1.85
USA 19:04 270 1 COLORADO 1.81 3.70 3.30 MINNESOTA UTD 1.22 1.17 1.74 2.40 2.25 3.40 2.25 2.55 3.20 3.00 5.25 22.00 14.00 6.00 14.00 28.00 7.50 4.90 4.50 1.08 2.10 1.48 1.42 2.25 4.50 1.85 2.25 1.40 2.30
MEXP 19:05 1393 1 SANTOS LAGUNA 1.60 3.60 4.50 QUERETARO 1.11 1.18 2.00 2.12 2.12 4.80 1.92 2.45 4.50 2.45 4.40 22.00 15.00 5.50 16.00 40.00 10.00 7.75 3.50 1.15 1.80 1.70 1.25 2.85 3.50 1.78 2.85 1.68 1.82
JAP 19:06 856 3 YOKOHAMA MARINOS 1.70 3.50 3.90 VISSEL KOBE 1.14 1.18 1.84 2.18 2.20 4.20 2.00 2.55 3.90 2.60 4.60 20.00 14.00 5.75 15.00 35.00 9.25 6.75 4.50 1.08 2.15 1.45 1.42 2.25 4.50 1.85 2.25 1.45 2.15
JAP2 19:07 857 3 BLAUBLITZ AKITA 3.40 3.00 1.92 IWATA 1.59 1.23 1.17 3.90 1.90 2.55 3.50 2.15 2.30 5.50 7.25 28.00 14.00 4.25 14.00 25.00 4.75 3.15 3.00 1.18 1.62 1.88 1.15 3.20 3.00 1.65 3.20 1.68 1.82
JAP2 19:08 858 3 SC SAGAMIHARA 3.75 3.00 1.82 MACHIDA ZELVIA 1.67 1.23 1.13 4.00 1.95 2.40 3.60 2.25 2.15 5.75 7.75 32.00 14.00 4.60 14.00 22.00 4.60 2.90 3.20 1.15 1.52 2.00 1.18 3.00 3.20 1.65 3.00 1.65 1.85
