POL3 08:15 638 3 GKS KATOWICE 1.88 3.25 3.25 WIGRY SUWALKI 1.19 1.19 1.63 2.40 2.00 3.75 2.20 2.30 3.45 - - - - - - - - - 3.50 1.12 1.85 1.65 1.22 2.75 3.50 1.65 2.75 1.55 1.95
ALE 08:30 231 1 ARMINIA BIELEFELD 2.50 3.45 2.35 HOFFENHEIM 1.45 1.21 1.40 3.10 2.18 2.90 2.85 2.50 2.65 4.00 6.25 28.00 14.00 5.50 14.00 25.00 6.00 3.75 3.90 1.12 1.92 1.58 1.32 2.50 3.90 1.90 2.50 1.48 2.10
ALE 08:30 234 1 HERTHA 2.45 3.10 2.65 COLONIA 1.37 1.27 1.43 2.80 2.02 3.50 2.55 2.30 3.25 3.50 5.25 25.00 14.00 4.60 14.00 28.00 6.75 4.90 3.30 1.18 1.70 1.80 1.22 3.00 3.30 1.85 3.00 1.58 1.92
ALE 08:30 235 1 LEVERKUSEN 1.81 3.45 3.75 UNION BERLIN 1.19 1.22 1.80 2.30 2.15 4.30 2.10 2.45 4.00 2.70 4.60 22.00 14.00 5.50 15.00 32.00 9.00 6.50 3.50 1.15 1.82 1.68 1.25 2.85 3.50 1.85 2.85 1.62 1.88
ALE 08:30 236 1 MONCHENGLADBACH 1.63 4.10 4.00 STUTTGART 1.17 1.16 2.02 2.08 2.45 4.10 1.92 2.85 3.90 2.40 4.90 18.00 14.00 7.00 15.00 32.00 9.75 6.25 5.50 1.03 2.50 1.32 1.58 1.92 5.50 2.10 1.90 1.35 2.45
ALE 08:30 237 1 SCHALKE 04 9.75 6.25 1.18 EINTRACHT FRANKFURT 3.81 1.05 - 7.75 2.85 1.55 7.50 3.45 1.42 16.00 22.00 50.00 22.00 9.75 20.00 18.00 4.10 1.60 5.75 1.02 2.85 1.25 1.65 1.85 5.75 2.15 1.85 1.65 1.85
ALE 08:30 242 1 FRIBURGO 7.00 5.60 1.27 BAYERN 3.11 1.07 1.04 6.00 2.75 1.67 5.90 3.25 1.53 11.00 17.00 50.00 19.00 8.75 18.00 17.00 4.25 1.75 6.25 1.01 3.10 1.20 1.78 1.72 6.25 2.30 1.72 1.45 2.15
ALE 08:30 243 1 AUGSBURG 2.50 2.95 2.70 WERDER BREMEN 1.35 1.30 1.41 3.05 2.02 3.25 2.75 2.30 3.00 4.00 5.75 25.00 14.00 4.60 14.00 28.00 6.25 4.40 3.30 1.18 1.58 1.92 1.22 3.00 3.30 1.85 3.00 1.58 1.92
ROM 08:30 573 3 ASTRA GIURGIU 2.00 2.90 3.30 VOLUNTARI 1.18 1.25 1.54 3.00 1.75 3.60 2.65 2.00 3.30 3.90 5.00 25.00 14.00 3.75 14.00 28.00 6.25 5.00 2.35 1.32 1.45 2.15 1.04 4.60 2.35 1.65 4.60 1.92 1.58
BLR 08:30 639 3 VITEBSK 2.20 3.05 2.70 ENERGETIK BGU 1.28 1.21 1.43 2.80 1.90 3.30 2.55 2.20 3.05 - - - - - - - - - 2.85 1.20 1.60 1.90 1.12 3.50 2.85 1.62 3.50 1.68 1.82
NOR2 08:30 644 3 AALESUND 1.37 4.25 5.40 BRYNE 1.04 1.09 2.38 1.80 2.45 4.60 1.65 2.85 4.50 2.05 4.40 16.00 14.00 7.50 16.00 35.00 12.00 8.00 5.25 1.01 2.45 1.35 1.55 1.85 5.25 2.15 1.85 1.42 2.25
INPL 09:00 203 1 SOUTHAMPTON 1.95 3.35 3.40 FULHAM 1.23 1.24 1.69 2.50 2.05 4.10 2.25 2.35 3.75 3.00 4.90 23.00 14.00 5.00 15.00 32.00 8.00 5.75 3.10 1.20 1.70 1.80 1.20 3.10 3.10 1.85 3.10 1.68 1.82
DK3A 09:00 645 3 THISTED 1.50 3.60 4.80 DALUM 1.06 1.14 2.06 1.95 2.10 5.00 1.78 2.45 4.75 - - - - - - - - - 3.75 1.10 1.88 1.62 1.25 2.60 3.75 1.68 2.60 1.65 1.85
ESP2 09:00 646 3 CD CASTELLON 1.98 3.00 3.45 PONFERRADINA 1.19 1.26 1.60 3.20 1.78 3.70 2.85 2.02 3.30 4.25 5.50 25.00 15.00 3.75 15.00 25.00 6.25 5.00 2.45 1.35 1.38 2.35 1.08 4.50 2.45 1.75 4.50 1.90 1.60
FIN 09:00 647 3 HIFK 2.65 2.85 2.35 ILVES 1.37 1.25 1.29 3.50 1.90 2.70 3.20 2.20 2.45 4.90 6.75 28.00 14.00 4.50 14.00 25.00 5.25 3.45 3.00 1.18 1.48 2.10 1.15 3.20 3.00 1.80 3.20 1.65 1.85
FIN 09:00 648 3 OULU 4.40 3.25 1.62 SEINAJOEN JK 1.87 1.18 1.08 4.00 1.85 2.50 3.75 2.15 2.25 6.00 7.75 28.00 15.00 4.25 15.00 25.00 4.75 3.15 2.75 1.22 1.60 1.90 1.12 3.50 2.75 1.80 3.50 1.78 1.72
ICL 09:00 649 3 ALDERSHOT 3.70 3.30 1.72 HARTLEPOOL 1.74 1.17 1.13 3.75 2.00 2.40 3.45 2.30 2.15 5.50 7.75 28.00 14.00 5.00 14.00 23.00 4.75 2.95 3.50 1.12 1.72 1.78 1.22 2.75 3.50 1.80 2.75 1.55 1.95
ICL 09:00 650 2 BOREHAM 2.25 3.10 2.60 WREXHAM 1.30 1.21 1.41 3.10 1.95 2.90 2.80 2.25 2.65 4.10 6.00 28.00 14.00 4.75 14.00 25.00 5.75 3.75 3.20 1.15 1.78 1.72 1.18 3.00 3.20 1.80 3.00 1.62 1.88
ICL 09:00 651 3 CHESTERFIELD 1.10 6.25 12.50 WEALDSTONE - 1.01 4.17 1.38 2.80 9.75 1.28 3.45 9.50 1.45 4.00 18.00 21.00 9.75 25.00 75.00 30.00 21.00 5.00 1.02 2.45 1.35 1.48 2.00 5.00 2.00 2.00 2.00 1.52
ICL 09:00 652 2 DAGENHAM & RED 2.08 3.10 2.90 HALIFAX 1.24 1.21 1.50 2.60 2.05 3.25 2.40 2.30 3.00 3.35 5.25 25.00 14.00 5.00 14.00 28.00 6.75 4.50 3.50 1.12 1.62 1.88 1.22 2.75 3.50 1.80 2.75 1.55 1.95
ICL 09:00 653 3 EASTLEIGH 1.48 3.70 4.80 BARNET 1.06 1.13 2.09 1.90 2.15 5.50 1.70 2.50 5.25 2.15 4.00 20.00 15.00 6.00 16.00 40.00 12.00 9.25 3.50 1.12 1.85 1.65 1.22 2.75 3.50 1.80 2.75 1.78 1.72
ICL 09:00 654 3 MAIDENHEAD UTD 4.60 3.50 1.53 SUTTON UTD 1.99 1.15 1.06 5.50 2.20 1.85 5.00 2.55 1.68 9.25 12.50 40.00 16.00 6.25 15.00 20.00 4.10 2.10 3.75 1.10 1.88 1.62 1.28 2.50 3.75 1.90 2.50 1.70 1.80
ICL 09:00 655 3 NOTTS COUNTY 1.78 3.30 3.50 BROMLEY 1.16 1.18 1.70 2.35 2.00 3.90 2.15 2.30 3.60 2.90 4.75 22.00 14.00 4.90 14.00 32.00 8.00 5.75 3.50 1.12 1.80 1.70 1.20 2.85 3.50 1.78 2.85 1.60 1.90
ICL 09:00 656 3 SOLIHULL 1.35 4.00 6.25 WOKING 1.01 1.11 2.44 1.78 2.20 6.50 1.60 2.55 6.00 1.95 3.90 20.00 16.00 6.25 17.00 40.00 15.00 11.50 3.50 1.12 1.80 1.70 1.20 2.85 3.50 1.78 2.85 1.92 1.58
ICL 09:00 657 2 WEYMOUTH 2.25 3.10 2.65 ALTRINCHAM 1.30 1.22 1.43 3.00 1.95 3.05 2.75 2.20 2.80 4.00 5.75 25.00 14.00 4.50 14.00 25.00 6.00 4.10 3.00 1.18 1.65 1.85 1.15 3.20 3.00 1.80 3.20 1.62 1.88
ICL 09:00 658 3 YEOVIL 1.53 3.90 4.25 KING'S LYNN TOWN 1.10 1.13 2.03 1.80 2.35 4.90 1.65 2.75 4.75 2.05 4.25 17.00 15.00 7.25 16.00 38.00 12.00 8.50 4.75 1.03 2.15 1.45 1.42 2.10 4.75 1.95 2.10 1.52 2.00
NIR 09:00 663 3 DUNGANNON 6.75 4.75 1.25 BALLYMENA UTD 2.79 1.05 - 6.25 2.45 1.65 6.00 2.90 1.50 - - - - - - - - - 4.75 1.03 2.35 1.38 1.45 2.05 4.75 1.80 2.05 1.62 1.88
NIR 09:00 664 3 GLENTORAN 1.58 3.70 4.10 CLIFTONVILLE 1.11 1.14 1.94 2.05 2.20 4.25 1.85 2.50 4.10 - - - - - - - - - 4.00 1.08 1.95 1.55 1.28 2.50 4.00 1.68 2.50 1.58 1.92
NIR 09:00 665 3 LINFIELD 1.88 3.40 3.15 LARNE FC 1.21 1.18 1.64 2.15 2.05 4.25 1.95 2.40 4.00 - - - - - - - - - 3.50 1.12 1.62 1.88 1.22 2.75 3.50 1.65 2.75 1.62 1.88
NIR 09:00 666 3 PORTADOWN 2.25 3.45 2.35 CARRICK RANGERS 1.36 1.15 1.40 2.90 2.10 2.80 2.70 2.40 2.60 - - - - - - - - - 3.75 1.10 1.95 1.55 1.25 2.60 3.75 1.68 2.60 1.52 2.00
POL2 09:00 667 3 GORNIK LECZNA 1.92 3.05 3.50 ODRA OPOLE 1.18 1.24 1.63 2.50 1.98 4.10 2.25 2.25 3.75 3.05 4.75 25.00 14.00 4.90 15.00 28.00 8.00 5.75 2.85 1.25 1.55 1.95 1.15 3.50 2.85 1.78 3.50 1.78 1.72
POR2 09:00 668 3 UD VILAFRANQUENSE 2.35 2.85 2.70 COVA PIEDADE 1.29 1.26 1.39 2.80 1.90 3.30 2.55 2.20 3.00 3.60 5.50 25.00 14.00 4.75 14.00 28.00 6.50 4.40 2.75 1.22 1.55 1.95 1.10 3.75 2.75 1.75 3.75 1.80 1.70
SU3N 09:00 670 3 OREBRO SYRIANSKA IF 2.10 3.30 2.70 TABY FK 1.28 1.18 1.49 2.60 2.05 3.20 2.40 2.35 2.95 - - - - - - - - - 3.75 1.10 1.95 1.55 1.28 2.50 3.75 1.72 2.50 1.48 2.10
SU3N 09:00 671 3 SYLVIA 2.35 3.25 2.40 UMEA 1.36 1.19 1.38 2.85 2.05 2.95 2.65 2.30 2.70 - - - - - - - - - 3.50 1.12 1.85 1.65 1.22 2.75 3.50 1.65 2.75 1.52 2.00
SU3S 09:00 672 3 ASSYRISKA TURAB. IK JKP 1.75 3.50 3.45 ATVIDABERG 1.17 1.16 1.74 2.20 2.15 3.75 2.05 2.45 3.50 - - - - - - - - - 4.00 1.08 1.95 1.55 1.30 2.40 4.00 1.72 2.40 1.50 2.05
SU3S 09:00 673 3 FC LINKOPING CITY 5.60 4.20 1.37 LJUNGSKILE 2.40 1.10 1.03 5.25 2.45 1.72 5.00 2.90 1.58 - - - - - - - - - 4.75 1.03 2.35 1.38 1.42 2.10 4.75 1.78 2.10 1.55 1.95
UAE 09:00 676 3 AHLI AL FUJIRAH 3.00 4.20 1.75 AL WAHDA SCC (UAE) 1.75 1.11 1.24 3.60 2.35 2.10 3.50 2.70 1.90 - - - - - - - - - 5.25 1.01 3.50 1.15 2.05 1.45 5.25 2.70 1.45 1.15 3.50
SU3S 09:00 674 3 LUNDS 2.15 3.40 2.55 VANERSBORGS IF 1.32 1.17 1.46 2.55 2.15 3.15 2.35 2.45 2.95 - - - - - - - - - 4.25 1.06 2.05 1.50 1.35 2.25 4.25 1.75 2.25 1.42 2.25
SU3S 09:00 675 3 OSKARSHAMNS AIK 1.43 4.10 4.70 OSTERLEN FF 1.06 1.10 2.19 1.85 2.30 4.75 1.70 2.70 4.50 - - - - - - - - - 4.25 1.06 2.10 1.48 1.35 2.25 4.25 1.75 2.25 1.58 1.92
POR 09:30 678 1 BOAVISTA 2.25 3.10 2.65 PORTIMONENSE 1.30 1.22 1.43 3.00 1.92 3.40 2.70 2.18 3.10 3.90 5.50 25.00 14.00 4.75 14.00 28.00 6.50 4.40 2.50 1.32 1.45 2.15 1.08 4.50 2.50 1.72 4.50 1.88 1.62
POR 09:30 679 1 FARENSE 1.70 3.25 3.90 TONDELA 1.12 1.18 1.77 2.35 1.98 4.60 2.10 2.30 4.20 2.80 4.50 23.00 15.00 4.90 15.00 32.00 9.00 6.75 2.85 1.25 1.55 1.95 1.15 3.50 2.85 1.78 3.50 1.85 1.65
BUL 09:30 677 3 LUDOGORETS 1.40 3.70 5.75 ARDA KURDZHALI 1.02 1.13 2.25 1.85 2.15 5.50 1.70 2.50 5.25 - - - - - - - - - 3.75 1.10 1.68 1.82 1.25 2.60 3.75 1.68 2.60 1.70 1.80
SVN 09:45 680 3 MARIBOR 1.15 5.40 10.50 ND GORICA - 1.04 3.57 1.50 2.50 8.75 1.38 3.00 8.50 - - - - - - - - - 4.25 1.06 2.10 1.48 1.35 2.25 4.25 1.75 2.25 2.00 1.52
AUT 10:00 688 2 ALTACH 2.02 3.35 2.95 RIED 1.26 1.20 1.57 2.60 2.08 3.50 2.35 2.40 3.25 3.25 5.25 25.00 14.00 5.00 14.00 28.00 7.25 5.00 3.90 1.12 1.90 1.60 1.30 2.60 3.90 1.78 2.60 1.50 2.05
AUT 10:00 689 3 AUSTRIA VIENNA 1.65 3.60 4.00 ST POLTEN 1.13 1.17 1.89 2.18 2.18 4.40 1.98 2.50 4.10 2.55 4.50 22.00 15.00 5.50 15.00 40.00 9.50 6.75 3.90 1.12 1.92 1.58 1.32 2.50 3.90 1.85 2.50 1.55 1.95
AUT 10:00 690 3 HARTBERG 1.81 3.40 3.50 ADMIRA WM 1.18 1.19 1.72 2.30 2.10 4.10 2.12 2.40 3.80 2.85 4.60 23.00 14.00 4.90 15.00 32.00 8.50 6.50 4.00 1.10 1.85 1.65 1.32 2.50 4.00 1.80 2.50 1.50 2.05
CRO 10:00 691 3 ISTRA 2.55 3.00 2.35 SLAVEN BELUPO 1.38 1.22 1.32 2.95 2.10 2.75 2.75 2.35 2.55 4.00 6.25 28.00 14.00 5.00 13.00 25.00 5.75 3.60 4.25 1.06 1.65 1.85 1.32 2.35 4.25 1.85 2.35 1.42 2.25
CZE 10:00 692 3 BANIK OSTRAVA 1.55 3.50 4.80 FASTAV ZLIN 1.07 1.17 2.02 2.15 2.02 5.10 1.95 2.35 4.80 2.55 4.25 23.00 15.00 4.75 16.00 40.00 10.50 8.75 3.50 1.15 1.75 1.75 1.22 3.00 3.50 1.72 3.00 1.70 1.80
CZE 10:00 693 3 PRIBRAM 5.50 4.10 1.42 JABLONEC 2.35 1.13 1.05 5.50 2.30 1.85 5.25 2.70 1.70 9.50 13.00 40.00 16.00 6.75 15.00 19.00 4.25 2.10 4.00 1.10 2.00 1.52 1.35 2.45 4.00 1.85 2.45 1.65 1.85
CZE2 10:00 694 3 FK BLANSKO 1.42 4.00 5.25 FK SLAVOJ VYSEHRAD 1.05 1.12 2.27 1.85 2.25 5.25 1.68 2.60 4.90 2.10 4.10 19.00 15.00 6.25 16.00 40.00 12.00 9.00 4.25 1.06 2.10 1.48 1.35 2.25 4.25 1.90 2.25 1.60 1.90
CZE2 10:00 695 3 TRINEC 2.55 3.00 2.35 PROSTEJOV 1.38 1.22 1.32 3.15 1.90 2.95 2.90 2.15 2.70 4.40 6.00 25.00 14.00 4.25 14.00 25.00 5.50 4.00 3.50 1.12 1.75 1.75 1.20 2.85 3.50 1.78 2.85 1.55 1.95
ISR 10:00 697 3 HAPOEL BEER SHEVA 2.18 2.90 2.90 HAPOEL KIRYAT SHMONA 1.24 1.24 1.45 2.80 1.85 3.60 2.55 2.10 3.25 3.60 5.00 25.00 14.00 4.10 14.00 28.00 6.50 4.90 2.60 1.25 1.50 2.05 1.08 4.00 2.60 1.62 4.00 1.80 1.70
ISR 10:00 698 3 HAPOEL KFAR SABA 2.30 3.10 2.55 BNEY YEHUDA 1.32 1.21 1.40 2.90 1.95 3.15 2.65 2.20 2.90 3.75 5.50 25.00 13.00 4.60 14.00 28.00 6.00 4.10 3.00 1.18 1.65 1.85 1.15 3.20 3.00 1.65 3.20 1.65 1.85
POL2 10:00 702 3 CHROBRY GLOGOW 2.45 3.05 2.55 ZAGLEBIE SOSNOWIEC 1.36 1.25 1.39 3.10 1.95 3.20 2.80 2.20 2.95 4.00 5.75 25.00 15.00 4.60 15.00 25.00 6.00 4.25 2.85 1.25 1.55 1.95 1.15 3.50 2.85 1.78 3.50 1.75 1.75
POL2 10:00 703 3 GKS JASTRZEBIE 2.10 3.25 2.90 STOMIL OLSZTYN 1.28 1.22 1.53 2.60 1.98 3.90 2.35 2.25 3.50 3.20 5.00 25.00 14.00 4.90 15.00 28.00 7.50 5.50 2.85 1.25 1.58 1.92 1.15 3.50 2.85 1.78 3.50 1.78 1.72
POL3 10:00 705 3 GORNIK POLKOWICE 1.55 3.45 4.75 SLASK WROCLAW II 1.07 1.17 2.00 2.00 2.15 4.90 1.80 2.45 4.50 - - - - - - - - - 3.75 1.10 1.90 1.60 1.28 2.50 3.75 1.72 2.50 1.62 1.88
POL3 10:00 706 3 HUTNIK KRAKOW 2.60 2.95 2.35 LKP  MOTOR LUBLIN 1.38 1.23 1.31 3.05 2.00 2.85 2.80 2.30 2.60 - - - - - - - - - 4.00 1.08 1.90 1.60 1.28 2.50 4.00 1.68 2.50 1.45 2.15
POL2 10:00 704 3 KORONA KIELCE 2.10 3.10 3.00 BELCHATOW 1.25 1.24 1.52 2.50 1.95 4.10 2.30 2.25 3.75 3.05 4.75 25.00 14.00 4.90 15.00 28.00 8.00 5.75 2.85 1.25 1.48 2.10 1.12 3.90 2.85 1.68 3.90 1.85 1.65
POL3 10:00 707 3 LECH II POZNAN 3.25 3.70 1.75 KKS 1925 KALISZ 1.73 1.14 1.19 3.75 2.15 2.25 3.45 2.45 2.05 - - - - - - - - - 3.20 1.15 1.80 1.70 1.20 2.85 3.20 1.70 2.85 1.65 1.85
POL3 10:00 708 3 OLIMPIA GRUDZIADZ 2.60 2.95 2.35 SKRA CZESTOCHOWA 1.38 1.23 1.31 3.10 2.00 2.85 2.80 2.25 2.60 - - - - - - - - - 3.75 1.10 1.88 1.62 1.25 2.60 3.75 1.68 2.60 1.50 2.05
POL3 10:00 709 3 POGON SIEDLCE 2.60 2.95 2.35 GARBARNIA KRAKOW 1.38 1.23 1.31 3.10 1.95 2.85 2.85 2.25 2.60 - - - - - - - - - 3.75 1.10 1.88 1.62 1.25 2.60 3.75 1.68 2.60 1.48 2.10
POL3 10:00 710 3 SOKOL OSTRODA 2.40 3.25 2.40 BYTOVIA BYTOW 1.38 1.20 1.38 2.95 2.00 2.95 2.70 2.30 2.70 - - - - - - - - - 3.20 1.15 1.75 1.75 1.18 3.00 3.20 1.65 3.00 1.60 1.90
POR2 10:00 711 3 CD MAFRA 5.60 3.10 1.53 AROUCA 2.00 1.20 1.02 6.25 2.00 1.95 5.75 2.30 1.72 10.50 13.00 40.00 17.00 5.25 16.00 22.00 3.90 2.20 2.75 1.22 1.50 2.05 1.10 3.75 2.75 1.75 3.75 2.10 1.48
SUE2 10:00 712 3 HELSINGBURGO 1.75 3.30 3.70 OSTER 1.14 1.19 1.74 2.30 2.00 4.10 2.05 2.30 3.90 2.75 4.50 22.00 14.00 5.00 14.00 32.00 8.50 6.25 3.20 1.15 1.70 1.80 1.18 3.00 3.20 1.80 3.00 1.68 1.82
SVK 10:00 713 3 RUZOMBEROK 1.28 4.40 6.75 NITRA - 1.08 2.66 1.85 2.25 5.25 1.68 2.60 5.00 - - - - - - - - - 4.00 1.08 2.05 1.50 1.30 2.40 4.00 1.72 2.40 1.68 1.82
SVK 10:00 714 3 SENICA 2.25 3.15 2.60 POHRONIE ZIAR NHDZ 1.31 1.21 1.42 2.80 1.95 3.20 2.55 2.25 2.90 - - - - - - - - - 3.00 1.18 1.68 1.82 1.15 3.20 3.00 1.65 3.20 1.65 1.85
SVK 10:00 715 3 ZEMPLIN 1.63 3.45 4.00 SKF SERDED 1.11 1.16 1.85 2.25 2.05 4.10 2.05 2.35 3.75 - - - - - - - - - 3.20 1.15 1.72 1.78 1.18 3.00 3.20 1.65 3.00 1.65 1.85
SVK 10:00 716 3 ZLATE MORAVCE 6.00 4.40 1.32 SLOVAN BRATISLAVA 2.54 1.08 1.02 5.50 2.45 1.70 5.25 2.85 1.55 - - - - - - - - - 5.00 1.02 2.15 1.45 1.48 2.00 5.00 1.80 2.00 1.55 1.95
BLR 10:30 717 3 TORPEDO ZHODINO 1.81 3.40 3.35 ISLOCH 1.18 1.18 1.69 2.20 2.10 4.00 2.00 2.40 3.75 - - - - - - - - - 3.75 1.10 1.90 1.60 1.25 2.60 3.75 1.68 2.60 1.55 1.95
IT3P 10:30 718 3 BISCEGLIE 2.08 2.85 3.15 PAGANESE 1.20 1.25 1.50 2.75 1.80 3.75 2.45 2.05 3.45 - - - - - - - - - 2.60 1.25 1.48 2.10 1.08 4.00 2.60 1.62 4.00 1.82 1.68
IT3P 10:30 719 3 FANO 2.05 2.85 3.25 IMOLESE 1.19 1.26 1.52 2.65 1.85 3.90 2.40 2.10 3.50 - - - - - - - - - 2.75 1.22 1.55 1.95 1.12 3.50 2.75 1.65 3.50 1.72 1.78
IT3P 10:30 720 3 RAVENNA 2.35 2.80 2.75 FC LEGNAGO SALUS SSD 1.28 1.27 1.39 2.95 1.85 3.35 2.70 2.10 3.05 - - - - - - - - - 2.85 1.20 1.58 1.92 1.12 3.50 2.85 1.62 3.50 1.68 1.82
SU3N 10:30 721 3 BROMMAPOJKARNA 1.18 5.60 8.25 HUDIKSVALLS - 1.03 3.34 1.40 2.85 9.00 1.28 3.45 8.75 - - - - - - - - - 5.25 1.01 2.70 1.28 1.55 1.85 5.25 1.95 1.85 1.85 1.65
ITA 11:00 223 1 JUVENTUS 2.12 3.60 3.05 INTER 1.33 1.25 1.65 2.65 2.18 3.40 2.45 2.50 3.15 3.30 5.50 25.00 14.00 5.25 14.00 28.00 7.00 4.75 4.00 1.10 2.00 1.63 1.35 2.45 4.00 1.90 2.45 1.45 2.15
PER 11:00 251 1 BINACIONAL 4.50 3.50 1.62 U. CESAR VALLEJO 1.97 1.19 1.11 5.00 2.12 2.20 4.40 2.35 1.90 8.00 10.50 40.00 16.00 5.50 16.00 23.00 4.50 2.60 3.40 1.22 1.75 1.82 1.25 3.20 3.40 1.75 3.20 1.78 1.72
ESP3 11:00 725 3 HERCULES 1.95 2.90 3.45 CORNELLA 1.17 1.25 1.58 - - - - - - - - - - - - - - - 2.60 1.25 1.45 2.15 1.08 4.00 2.60 1.62 4.00 1.82 1.68
EST 11:00 730 3 FLORA TALLINN 1.18 5.60 8.25 JALGPALLIKOOL - 1.03 3.34 1.50 2.75 7.00 1.38 3.25 6.75 - - - - - - - - - 5.25 1.01 2.85 1.25 1.65 1.75 5.25 2.05 1.75 1.58 1.92
FRA3 11:00 732 3 BASTIA 1.98 2.80 3.50 RED STAR PARIS 1.16 1.26 1.56 2.60 1.80 4.10 2.30 2.10 3.75 3.20 4.60 25.00 15.00 4.10 15.00 28.00 7.50 6.00 2.50 1.28 1.45 2.15 1.06 4.25 2.50 1.78 4.25 1.92 1.58
FRA3 11:00 733 3 BOULOGNE 2.35 2.75 2.80 QUEVILLY 1.27 1.28 1.39 2.85 1.75 3.90 2.55 2.00 3.45 3.75 5.00 25.00 14.00 3.75 15.00 28.00 6.75 5.50 2.50 1.28 1.50 2.05 1.06 4.25 2.50 1.78 4.25 1.85 1.65
FRA3 11:00 734 3 BOURG-PERONNAS 2.00 2.80 3.45 CHOLET 1.17 1.27 1.55 2.90 1.75 3.75 2.60 2.00 3.40 3.75 5.00 25.00 14.00 3.75 15.00 28.00 6.50 5.25 2.35 1.32 1.45 2.15 1.04 4.60 2.35 1.80 4.60 1.92 1.58
FRA3 11:00 735 3 CONCARNEAU 2.20 2.70 3.10 AVRANCHES 1.21 1.29 1.44 2.95 1.75 3.75 2.65 1.95 3.35 3.90 5.25 25.00 14.00 3.75 15.00 28.00 6.50 5.25 2.35 1.32 1.50 2.05 1.04 4.60 2.35 1.80 4.60 1.90 1.60
FRA3 11:00 736 3 FC BASTIA BORGO 2.12 3.00 2.90 CRETEIL 1.24 1.22 1.47 3.00 1.80 3.45 2.70 2.05 3.10 4.00 5.50 25.00 14.00 3.90 14.00 28.00 6.25 4.75 2.60 1.25 1.62 1.88 1.08 4.00 2.60 1.78 4.00 1.80 1.70
FRA3 11:00 737 3 FC VILLEFRANCHE BEAUJOLAIS 1.63 3.00 5.00 LYON-DUCHERE 1.06 1.23 1.88 2.15 1.85 5.50 1.95 2.15 5.00 2.55 3.90 22.00 16.00 4.00 17.00 40.00 10.50 10.00 3.00 1.18 1.60 1.90 1.15 3.20 3.00 1.80 3.20 1.82 1.68
FRA3 11:00 738 3 LAVAL 2.60 2.85 2.40 ORLEANS 1.36 1.25 1.30 3.20 1.78 3.30 2.85 2.05 2.95 4.40 5.75 25.00 15.00 3.75 15.00 25.00 5.75 4.50 2.60 1.25 1.60 1.90 1.08 4.00 2.60 1.78 4.00 1.80 1.70
FRA3 11:00 739 3 LE MANS UC 72 2.00 2.95 3.25 ANNECY FC 1.19 1.24 1.55 2.70 1.85 3.75 2.40 2.10 3.50 3.40 4.90 25.00 14.00 4.00 15.00 28.00 7.00 5.50 2.75 1.22 1.65 1.85 1.12 3.50 2.75 1.80 3.50 1.72 1.78
FRA3 11:00 740 3 SETE 34 FC 2.30 2.60 3.05 SAINT BRIEUC 1.22 1.31 1.40 2.85 1.65 4.50 2.50 1.85 4.00 3.60 4.60 25.00 16.00 3.30 16.00 28.00 7.50 6.75 2.10 1.42 1.35 2.45 1.01 5.25 2.10 1.90 5.25 2.10 1.48
NOR2 11:00 743 3 ASANE 2.45 3.35 2.25 FREDRIKSTAD 1.42 1.17 1.35 2.65 2.15 2.95 2.45 2.45 2.75 3.60 5.75 22.00 13.00 5.25 13.00 25.00 6.50 4.25 5.25 1.01 2.45 1.35 1.50 1.95 5.25 2.00 1.95 1.30 2.60
NOR2 11:00 744 3 HAM KAM 1.63 4.00 3.45 STJORDALS/BLINK 1.16 1.11 1.85 2.30 2.35 3.15 2.15 2.65 2.95 2.85 5.50 19.00 13.00 6.50 14.00 25.00 7.50 4.60 5.25 1.01 2.45 1.35 1.60 1.80 5.25 2.20 1.80 1.30 2.60
NOR2 11:00 745 3 JERV 1.95 3.40 2.90 KFUM OSLO 1.24 1.17 1.57 2.65 2.10 3.00 2.45 2.40 2.75 3.50 5.75 23.00 13.00 5.25 13.00 25.00 6.25 4.10 4.50 1.05 1.95 1.55 1.38 2.20 4.50 1.90 2.20 1.38 2.35
NOR2 11:00 746 3 RANHEIM 1.25 5.00 6.25 GRORUD - 1.04 2.78 1.62 2.65 5.50 1.50 3.10 5.25 1.75 4.25 16.00 17.00 8.75 18.00 45.00 15.00 10.50 5.25 1.01 2.85 1.25 1.65 1.75 5.25 2.30 1.75 1.45 2.15
NOR2 11:00 747 3 SOGNDAL 1.37 4.40 5.25 ULLENSAKER KISA 1.04 1.09 2.39 1.75 2.45 5.00 1.62 2.85 4.75 2.00 4.25 16.00 15.00 7.50 16.00 35.00 13.00 8.75 5.25 1.01 2.45 1.35 1.55 1.85 5.25 2.15 1.85 1.45 2.15
NOR2 11:00 748 3 STROMMEN 2.40 3.40 2.30 RAUFOSS 1.41 1.17 1.37 2.80 2.20 2.70 2.60 2.55 2.50 3.75 6.25 25.00 13.00 5.50 13.00 23.00 6.00 3.60 5.25 1.01 2.50 1.32 1.55 1.85 5.25 2.15 1.85 1.28 2.70
SVK 11:00 1300 3 TRENCIN 3.80 4.00 1.57 DAC 1.95 1.11 1.13 4.00 2.10 2.20 3.75 2.40 2.00 - - - - - - - - - 4.50 1.05 2.15 1.45 1.38 2.20 4.50 1.75 2.20 1.42 2.25
INC 11:15 250 1 CHELSEA 1.87 3.45 3.90 LEICESTER 1.21 1.26 1.83 2.45 2.02 4.40 2.20 2.30 4.00 2.90 4.60 23.00 14.00 4.90 15.00 32.00 8.50 6.25 2.85 1.25 1.63 2.00 1.15 3.50 2.85 1.85 3.50 1.80 1.70
ESP2 11:30 751 3 LUGO 2.20 2.85 3.10 MIRANDES 1.24 1.29 1.48 3.25 1.80 3.45 2.95 2.05 3.10 4.40 5.75 25.00 15.00 3.90 15.00 25.00 6.00 4.75 2.50 1.32 1.42 2.25 1.10 4.00 2.50 1.80 4.00 1.85 1.65
GRE 11:30 752 3 APOLLON SMIRNIS 2.02 2.80 3.40 LAMIA 1.17 1.27 1.54 2.30 1.95 4.25 2.10 2.25 3.90 2.75 4.50 22.00 14.00 4.90 14.00 32.00 8.25 6.00 2.85 1.20 1.65 1.85 1.12 3.50 2.85 1.62 3.50 1.80 1.70
GRE 11:30 753 3 ATROMITOS 1.85 2.85 3.80 VOLOS NFC 1.12 1.24 1.63 2.65 1.80 4.10 2.35 2.05 3.75 3.20 4.60 25.00 14.00 4.10 15.00 28.00 7.25 5.75 2.25 1.35 1.58 1.92 1.03 4.75 2.25 1.68 4.75 2.00 1.52
GRE 11:30 755 3 OFI 1.40 3.45 6.75 PANETOLIKOS - 1.16 2.28 1.85 1.95 7.75 1.68 2.30 7.00 2.05 3.60 20.00 17.00 4.90 18.00 38.00 15.00 13.00 2.60 1.25 1.48 2.10 1.08 4.00 2.60 1.62 4.00 2.35 1.38
POR 12:00 764 1 BENFICA 1.85 3.75 3.75 SPORTING LISBOA 1.24 1.24 1.88 2.30 2.15 4.00 2.10 2.45 3.75 2.75 4.75 22.00 14.00 5.75 15.00 32.00 8.50 6.00 3.50 1.15 1.90 1.70 1.25 2.85 3.50 1.78 2.85 1.60 1.90
BUL 12:00 758 3 LOKOMOTIV PLOVDIV 2.35 2.85 2.65 CSKA SOFIA 1.29 1.25 1.37 3.00 1.85 3.30 2.75 2.10 2.95 - - - - - - - - - 2.60 1.25 1.48 2.10 1.08 4.00 2.60 1.62 4.00 1.82 1.68
IRL 12:00 760 3 LONGFORD 4.50 3.35 1.58 BOHEMIAN 1.92 1.17 1.07 4.75 1.95 2.25 4.25 2.20 2.00 7.25 9.25 40.00 15.00 4.75 15.00 22.00 4.25 2.65 2.75 1.22 1.58 1.92 1.12 3.50 2.75 1.80 3.50 1.85 1.65
IRL 12:00 761 3 SHAMROCK ROVERS 1.33 3.90 7.00 DERRY CITY - 1.12 2.50 1.80 2.05 7.25 1.62 2.40 6.75 2.00 3.75 20.00 16.00 5.75 18.00 40.00 15.00 12.50 2.85 1.20 1.58 1.92 1.12 3.50 2.85 1.78 3.50 2.15 1.45
IRL 12:00 762 3 SLIGO ROVERS 1.05 6.50 22.00 WATERFORD - - 5.02 1.35 2.70 15.00 1.22 3.40 15.00 1.42 3.75 18.00 25.00 8.00 30.00 75.00 45.00 45.00 5.25 1.01 2.60 1.30 1.60 1.80 5.25 2.20 1.80 2.25 1.42
SU3N 12:00 765 3 GEFLE 1.78 3.50 3.35 IFK HANINGE 1.18 1.16 1.71 2.20 2.20 3.60 2.05 2.55 3.40 - - - - - - - - - 4.75 1.03 2.15 1.45 1.45 2.05 4.75 1.80 2.05 1.38 2.35
USA 12:00 1747 1 NEW YORK CITY 1.55 3.90 4.30 TORONTO 1.11 1.14 2.05 1.95 2.30 4.80 1.80 2.70 4.60 2.25 4.40 19.00 15.00 6.50 16.00 40.00 11.00 8.00 4.50 1.08 2.15 1.45 1.42 2.25 4.50 1.85 2.25 1.50 2.05
CRO 12:05 766 3 LOKOMOTIVA 3.90 3.00 1.80 OSIJEK 1.70 1.23 1.13 4.40 1.90 2.35 4.00 2.15 2.15 6.75 8.50 32.00 15.00 4.25 15.00 22.00 4.40 2.90 3.00 1.18 1.62 1.88 1.15 3.20 3.00 1.80 3.20 1.72 1.78
ISR 12:15 767 3 MACCABI NETANYA 1.95 3.10 3.20 HAPOEL HAIFA 1.20 1.21 1.57 2.55 1.90 3.75 2.30 2.20 3.45 3.10 4.75 25.00 14.00 4.50 14.00 28.00 7.25 5.25 2.85 1.20 1.58 1.92 1.12 3.50 2.85 1.62 3.50 1.72 1.78
TUR 12:30 773 2 ANKARAGUCU 2.85 3.20 2.15 ALANYASPOR 1.51 1.23 1.29 3.40 2.08 2.70 3.10 2.35 2.45 4.75 6.75 28.00 14.00 4.90 14.00 25.00 5.50 3.45 3.90 1.12 1.88 1.62 1.28 2.70 3.90 1.75 2.70 1.50 2.05
TUR 12:30 774 2 ANTALYASPOR 2.40 3.25 2.45 KONYASPOR 1.38 1.21 1.40 2.95 2.00 3.20 2.70 2.30 2.90 3.90 5.75 25.00 14.00 4.75 14.00 28.00 6.25 4.40 3.30 1.18 1.80 1.70 1.22 3.00 3.30 1.78 3.00 1.58 1.92
TUR 12:30 775 3 GALATASARAY 1.25 4.80 8.25 YENI MALATYASPOR - 1.09 3.03 1.60 2.45 8.50 1.45 2.95 8.00 1.70 3.90 21.00 19.00 7.75 22.00 50.00 21.00 17.00 4.00 1.10 2.00 1.52 1.35 2.45 4.00 1.85 2.45 1.95 1.55
TUR 12:30 776 3 GOEZTEPE 6.50 4.60 1.32 BESIKTAS 2.69 1.10 1.03 5.75 2.50 1.75 5.50 2.90 1.60 10.50 15.00 40.00 17.00 7.50 16.00 18.00 4.25 1.95 5.00 1.05 2.35 1.38 1.50 2.05 5.00 1.95 2.05 1.55 1.95
TUR 12:30 777 3 HATAYSPOR 1.90 3.30 3.35 GAZIANTEP BLD SPOR 1.21 1.21 1.66 2.45 2.10 3.80 2.20 2.40 3.50 3.05 4.90 23.00 14.00 5.00 15.00 28.00 7.75 5.75 4.00 1.10 1.95 1.55 1.35 2.45 4.00 1.85 2.45 1.45 2.15
TUR 12:30 778 3 KARAGUMRUK 1.43 4.10 5.10 DENIZLISPOR 1.06 1.12 2.27 1.92 2.30 5.10 1.75 2.70 4.90 2.15 4.25 19.00 15.00 6.50 16.00 40.00 12.00 8.75 4.00 1.10 2.10 1.48 1.38 2.35 4.00 1.90 2.35 1.58 1.92
TUR 12:30 779 3 KAYSERISPOR 4.90 3.75 1.52 FENERBAHCE 2.12 1.16 1.08 5.50 2.05 2.08 5.10 2.40 1.88 9.00 11.50 40.00 17.00 5.25 16.00 23.00 4.10 2.35 3.00 1.22 1.90 1.60 1.15 3.50 3.00 1.72 3.50 1.90 1.60
TUR 12:30 780 2 RIZESPOR 2.85 3.20 2.15 BASAKSEHIR 1.51 1.23 1.29 3.40 2.10 2.65 3.15 2.40 2.45 4.60 7.00 28.00 14.00 5.25 14.00 25.00 5.50 3.35 3.50 1.15 1.90 1.60 1.25 2.85 3.50 1.78 2.85 1.55 1.95
TUR 12:30 781 3 SIVASSPOR 1.53 3.60 4.90 KASIMPASA 1.07 1.17 2.08 2.10 2.05 5.40 1.88 2.40 5.00 2.35 4.10 23.00 16.00 5.25 17.00 40.00 11.00 8.50 2.85 1.25 1.82 1.68 1.15 3.50 2.85 1.78 3.50 1.92 1.58
TUR 12:30 782 3 TRABZONSPOR 1.72 4.20 3.20 GENCLERBIRLIGI 1.22 1.12 1.82 2.20 2.40 3.60 2.02 2.80 3.35 2.60 5.25 18.00 14.00 8.00 14.00 28.00 8.75 5.00 4.50 1.08 2.15 1.45 1.40 2.30 4.50 1.85 2.30 1.48 2.10
BLR 12:30 768 3 BATE BORISOV 1.57 3.70 4.20 RUH BREST 1.10 1.14 1.97 2.05 2.15 4.40 1.85 2.50 4.10 - - - - - - - - - 4.00 1.08 1.95 1.55 1.28 2.50 4.00 1.68 2.50 1.58 1.92
CYPC 12:30 769 3 ANORTHOSIS 2.90 3.15 2.05 OLYMPIAKOS NICOSIA 1.51 1.20 1.24 3.45 2.00 2.60 3.15 2.25 2.35 - - - - - - - - - 3.20 1.15 1.78 1.72 1.20 2.85 3.20 1.70 2.85 1.58 1.92
CZE 12:30 770 3 SLOVACKO 1.75 3.20 4.00 BOHEMIANS 1905 1.13 1.22 1.78 2.25 2.05 4.50 2.05 2.35 4.20 2.65 4.50 23.00 14.00 5.25 15.00 38.00 9.25 6.75 3.10 1.20 1.58 1.92 1.18 3.30 3.10 1.75 3.30 1.78 1.72
ISR 12:30 771 3 BEITAR JERUSALEM 2.12 2.90 3.00 HAPOEL HADERA 1.22 1.24 1.47 2.70 1.90 3.50 2.45 2.15 3.25 3.45 5.00 25.00 14.00 4.10 14.00 28.00 6.75 5.25 3.20 1.15 1.70 1.80 1.18 3.00 3.20 1.65 3.00 1.58 1.92
FRA2 13:00 813 3 CAEN 3.20 3.25 1.98 CLERMONT 1.61 1.22 1.23 5.40 1.95 2.25 4.90 2.25 2.00 9.00 10.50 40.00 17.00 4.40 16.00 23.00 4.10 2.65 3.00 1.22 1.62 1.88 1.18 3.30 3.00 1.78 3.30 1.82 1.68
FRA2 13:00 814 3 CHAMOIS NIORTAIS 2.25 2.95 2.90 GUINGAMP 1.28 1.27 1.46 2.90 1.88 3.70 2.60 2.15 3.30 3.90 5.25 25.00 14.00 4.10 14.00 28.00 6.75 5.25 3.00 1.22 1.62 1.88 1.15 3.50 3.00 1.72 3.50 1.68 1.82
FRA2 13:00 815 3 CHATEAUROUX 2.95 2.95 2.20 AJACCIO 1.48 1.26 1.26 3.60 1.88 2.95 3.25 2.12 2.65 5.00 6.50 28.00 15.00 4.10 14.00 25.00 5.25 3.90 2.85 1.25 1.58 1.92 1.15 3.50 2.85 1.78 3.50 1.70 1.80
FRA2 13:00 816 3 DUNKERQUE 2.70 3.10 2.30 TOULOUSE 1.44 1.24 1.32 4.70 1.92 2.40 4.30 2.20 2.15 7.50 9.00 32.00 16.00 4.25 15.00 23.00 4.40 2.90 3.00 1.22 1.58 1.92 1.15 3.50 3.00 1.72 3.50 1.78 1.72
FRA2 13:00 817 3 GRENOBLE 1.50 3.50 5.50 RODEZ AVEYRON 1.05 1.18 2.14 2.15 1.95 5.90 1.92 2.25 5.50 2.50 4.00 23.00 16.00 4.50 17.00 40.00 11.50 10.00 2.85 1.25 1.58 1.92 1.15 3.50 2.85 1.78 3.50 1.92 1.58
FRA2 13:00 818 3 LE HAVRE 4.30 2.95 1.78 TROYES 1.75 1.26 1.11 6.00 1.82 2.30 5.50 2.10 2.02 10.50 11.00 40.00 18.00 3.75 17.00 23.00 4.00 2.70 2.70 1.28 1.58 1.92 1.12 3.90 2.70 1.75 3.90 1.95 1.55
FRA2 13:00 819 3 NANCY 2.08 2.95 3.25 AMIENS 1.22 1.27 1.55 2.90 1.80 4.00 2.60 2.05 3.60 3.75 5.00 25.00 15.00 3.75 16.00 28.00 7.00 5.75 2.60 1.30 1.55 1.95 1.10 4.00 2.60 1.78 4.00 1.85 1.65
FRA2 13:00 820 3 PARIS FC 1.50 3.60 5.25 CHAMBLY 1.06 1.17 2.14 2.05 2.02 5.90 1.85 2.35 5.50 2.35 4.00 23.00 16.00 5.00 17.00 40.00 12.00 9.75 2.85 1.25 1.65 1.85 1.15 3.50 2.85 1.78 3.50 2.00 1.52
FRA2 13:00 821 3 PAU FC 1.68 3.40 4.10 VALENCIENNES 1.12 1.19 1.86 2.12 2.08 5.10 1.92 2.40 4.75 2.50 4.25 23.00 15.00 5.00 16.00 40.00 10.50 8.25 3.30 1.18 1.85 1.65 1.22 3.00 3.30 1.78 3.00 1.72 1.78
FRA2 13:00 822 3 SOCHAUX 3.80 3.10 1.85 AUXERRE 1.71 1.24 1.16 4.30 1.90 2.55 4.00 2.15 2.30 6.50 8.00 28.00 15.00 4.25 15.00 25.00 4.75 3.20 2.85 1.25 1.52 2.00 1.12 3.90 2.85 1.68 3.90 1.80 1.70
NOR2 13:00 831 3 SANDNES 2.75 3.40 2.02 START 1.52 1.16 1.27 3.25 2.25 2.35 3.05 2.55 2.20 4.75 7.25 28.00 14.00 5.75 13.00 21.00 5.25 3.00 5.25 1.01 2.45 1.35 1.52 1.90 5.25 2.05 1.90 1.30 2.60
SVN 13:00 832 3 ALUMINIJ 3.25 3.05 1.95 NS MURA 1.57 1.22 1.19 3.90 1.90 2.55 3.60 2.15 2.30 - - - - - - - - - 2.75 1.22 1.52 2.00 1.10 3.75 2.75 1.62 3.75 1.82 1.68
URU 13:00 833 3 VILLA ESPANOLA 2.40 3.10 2.40 PROGRESO 1.35 1.20 1.35 2.95 2.00 2.95 2.70 2.30 2.70 3.90 5.75 25.00 14.00 4.75 14.00 25.00 5.75 3.90 3.75 1.10 1.85 1.65 1.25 2.60 3.75 1.68 2.60 1.50 2.05
PER 13:15 252 1 DEPOR MUNICIPAL 2.60 3.10 2.40 CUSCO FC 1.41 1.25 1.35 3.25 2.05 3.05 2.85 2.20 2.65 4.50 6.50 30.00 15.00 4.75 15.00 25.00 6.00 4.10 3.60 1.20 1.78 1.78 1.28 3.00 3.60 1.75 3.00 1.58 1.92
ROM 13:30 837 3 CSU CRAIOVA 3.20 2.85 2.05 CFR CLUJ 1.51 1.25 1.19 4.00 1.78 2.75 3.60 2.00 2.50 5.50 7.00 28.00 15.00 3.90 15.00 25.00 4.75 3.40 2.25 1.35 1.38 2.35 1.03 4.75 2.25 1.68 4.75 1.95 1.55
ITA 13:45 224 1 ROMA 2.90 3.35 2.30 LAZIO 1.55 1.28 1.36 3.25 2.15 2.75 3.05 2.45 2.55 4.60 6.75 28.00 14.00 4.90 14.00 25.00 5.50 3.60 4.50 1.08 2.20 1.52 1.42 2.25 4.50 1.95 2.25 1.38 2.35
BEL 13:45 843 1 ANDERLECHT 2.25 3.60 2.45 GENK 1.38 1.17 1.46 2.80 2.18 3.00 2.60 2.50 2.75 3.60 6.00 25.00 14.00 6.00 14.00 25.00 6.50 3.90 3.50 1.15 1.85 1.65 1.25 2.85 3.50 1.78 2.85 1.55 1.95
SPLP 13:45 844 1 DUNDEE 1.90 3.30 3.10 RAITH ROVERS 1.21 1.18 1.60 2.50 2.05 3.75 2.30 2.35 3.45 3.10 5.00 25.00 14.00 5.25 14.00 28.00 7.50 5.25 3.10 1.20 1.70 1.80 1.20 3.10 3.10 1.80 3.10 1.65 1.85
INPL 14:00 204 1 BRIGHTON 2.65 3.20 2.35 WEST HAM 1.45 1.25 1.35 3.30 2.02 3.00 3.00 2.30 2.75 4.25 6.25 28.00 14.00 4.75 14.00 25.00 5.75 3.90 3.10 1.20 1.65 1.85 1.18 3.30 3.10 1.80 3.30 1.65 1.85
BOL 14:00 846 3 REAL POTOSI 6.00 5.00 1.28 THE STRONGEST 2.73 1.05 1.02 5.50 2.60 1.65 5.25 3.05 1.50 9.75 15.00 45.00 18.00 8.50 17.00 17.00 4.25 1.75 5.25 1.01 2.60 1.30 1.52 1.90 5.25 1.90 1.90 1.52 2.00
ECU 14:00 848 3 OLMEDO 4.25 3.30 1.60 INDEP. JOSE TERAN 1.86 1.16 1.08 4.60 2.05 2.10 4.25 2.35 1.90 7.50 9.50 38.00 15.00 4.90 15.00 22.00 4.25 2.45 3.75 1.10 1.90 1.60 1.28 2.50 3.75 1.72 2.50 1.58 1.92
ESP2 14:00 850 3 ALMERIA 1.58 3.35 4.90 ALBACETE 1.07 1.19 1.99 2.18 1.98 5.40 1.95 2.30 5.00 2.50 4.10 23.00 15.00 4.75 16.00 40.00 10.50 8.75 2.85 1.25 1.55 1.95 1.15 3.50 2.85 1.78 3.50 1.90 1.60
ESP2 14:00 851 3 LAS PALMAS 2.50 2.75 2.70 ZARAGOZA 1.31 1.30 1.36 3.25 1.80 3.50 2.90 2.05 3.15 4.60 5.50 25.00 14.00 3.60 15.00 25.00 6.00 5.25 3.00 1.22 1.55 1.95 1.15 3.50 3.00 1.72 3.50 1.65 1.85
POR 14:30 853 1 RIO AVE 7.00 4.50 1.30 PORTO 2.74 1.10 1.01 6.75 2.35 1.75 6.25 2.75 1.58 12.00 16.00 50.00 18.00 7.00 17.00 20.00 4.00 1.90 3.90 1.12 1.90 1.60 1.28 2.70 3.90 1.75 2.70 1.88 1.62
USA 14:30 1748 1 LOS ANGELES 1.45 4.00 5.00 AUSTIN FC 1.06 1.12 2.22 1.92 2.30 5.10 1.75 2.70 4.80 2.15 4.25 19.00 15.00 6.50 16.00 40.00 12.00 8.50 4.50 1.08 2.05 1.50 1.38 2.35 4.50 1.80 2.35 1.55 1.95
URU 15:15 861 3 M. WANDERERS 1.80 3.20 3.50 BOSTON RIVER 1.15 1.19 1.67 2.35 2.00 4.00 2.15 2.30 3.75 2.80 4.60 22.00 14.00 4.75 14.00 32.00 8.00 6.00 3.20 1.15 1.75 1.75 1.20 2.85 3.20 1.70 2.85 1.62 1.88
PER 15:30 253 1 AYACUCHO FC 2.40 3.30 2.50 UNIVERSITARIO 1.39 1.22 1.42 3.05 2.10 3.15 2.65 2.30 2.75 4.00 6.25 25.00 15.00 5.25 15.00 30.00 6.50 4.25 3.40 1.22 1.78 1.78 1.25 3.20 3.40 1.75 3.20 1.58 1.92
ARG 15:30 862 1 ESTUDIANTES LP 2.50 2.95 2.55 INDEPENDIENTE 1.35 1.26 1.37 3.40 1.88 3.05 3.10 2.15 2.75 4.50 6.25 28.00 15.00 4.40 15.00 25.00 5.50 4.00 2.50 1.32 1.45 2.15 1.08 4.50 2.50 1.72 4.50 1.88 1.62
VEN 16:00 866 3 DEPOR LA GUAIRA 1.63 3.15 4.50 GRAN VALENCIA MARACAY FC 1.07 1.20 1.85 2.25 1.85 4.90 2.05 2.15 4.50 2.65 4.10 22.00 14.00 4.25 15.00 38.00 9.25 7.50 2.60 1.25 1.45 2.15 1.08 4.00 2.60 1.62 4.00 1.95 1.55
ECU 16:30 868 3 UNIV CATOLICA (ECU) 1.55 3.30 5.00 DELFIN 1.05 1.18 1.99 2.05 2.05 5.25 1.85 2.35 4.75 2.35 4.00 22.00 15.00 4.75 16.00 38.00 10.50 9.00 4.00 1.08 1.90 1.60 1.28 2.50 4.00 1.68 2.50 1.60 1.90
PAR 16:45 870 3 SOL DE AMERICA 2.20 3.10 2.60 SPORTIVO LUQUENO 1.29 1.19 1.41 2.75 2.00 3.15 2.50 2.30 2.90 3.60 5.50 25.00 13.00 4.75 13.00 28.00 6.25 4.25 3.75 1.10 1.85 1.65 1.25 2.60 3.75 1.68 2.60 1.52 2.00
URU 17:30 871 3 TORQUE 1.45 3.50 5.50 INSTITUCION ATLETICA SUD AMER 1.03 1.15 2.14 1.90 2.10 5.50 1.75 2.45 5.25 2.15 3.90 22.00 15.00 5.00 17.00 38.00 11.50 9.75 3.75 1.10 1.90 1.60 1.28 2.50 3.75 1.72 2.50 1.65 1.85
PER 18:00 260 1 CIENCIANO 2.10 3.10 3.20 U. SAN MARTIN 1.25 1.27 1.57 2.75 2.00 3.90 2.35 2.15 3.35 3.50 5.25 25.00 15.00 4.60 15.00 30.00 7.50 5.75 3.20 1.25 1.65 1.93 1.20 3.60 3.20 1.70 3.60 1.68 1.82
MEXP 18:00 873 1 PUEBLA 3.30 3.10 1.90 ATLAS 1.60 1.21 1.18 4.10 1.95 2.60 3.70 2.20 2.35 5.75 7.75 28.00 15.00 4.60 15.00 25.00 4.90 3.15 2.70 1.28 1.50 2.05 1.12 3.90 2.70 1.75 3.90 1.85 1.65
USA 18:00 1749 1 ATLANTA UTD 1.58 3.70 4.30 MONTREAL 1.11 1.16 1.99 2.05 2.25 4.60 1.88 2.60 4.40 2.35 4.40 21.00 15.00 5.75 16.00 40.00 10.50 7.75 4.50 1.08 2.10 1.48 1.40 2.30 4.50 1.85 2.30 1.50 2.05
USA 18:30 1750 1 PHILADELPHIA 1.78 3.45 3.60 NEW YORK 1.17 1.19 1.76 2.30 2.15 4.10 2.08 2.45 3.80 2.75 4.75 22.00 14.00 5.50 15.00 32.00 8.75 6.25 3.90 1.12 1.95 1.55 1.32 2.50 3.90 1.85 2.50 1.52 2.00
ARG 19:00 877 1 COLON SANTA FE 2.30 3.05 2.70 TALLERES 1.31 1.24 1.43 3.05 1.95 3.25 2.80 2.20 2.95 4.00 5.75 25.00 15.00 4.60 15.00 28.00 6.25 4.25 2.85 1.25 1.52 2.00 1.12 3.90 2.85 1.68 3.90 1.78 1.72
ECU 19:00 879 3 EMELEC 1.30 4.00 7.50 GUAYAQUIL CITY - 1.11 2.61 1.75 2.15 7.00 1.58 2.55 6.75 1.90 3.75 20.00 17.00 5.75 18.00 38.00 16.00 13.00 3.75 1.10 1.85 1.65 1.25 2.60 3.75 1.68 2.60 1.90 1.60
PAR 19:00 882 3 12 DE OCTUBRE 2.25 3.10 2.65 GUAIRENA 1.30 1.22 1.43 2.80 2.00 3.15 2.55 2.25 2.90 3.60 5.50 25.00 13.00 4.60 13.00 28.00 6.25 4.25 3.50 1.12 1.80 1.70 1.22 2.75 3.50 1.65 2.75 1.55 1.95
USA 19:00 1751 1 MINNESOTA UTD 2.05 3.35 2.90 DALLAS 1.27 1.20 1.55 2.60 2.12 3.35 2.40 2.45 3.10 3.35 5.50 25.00 14.00 5.25 14.00 28.00 7.00 4.75 4.00 1.10 2.05 1.50 1.35 2.45 4.00 1.85 2.45 1.45 2.15
USA 20:00 1752 1 COLORADO 1.80 3.60 3.35 HOUSTON 1.20 1.17 1.74 2.45 2.25 3.35 2.25 2.55 3.15 3.10 5.25 22.00 14.00 5.75 14.00 28.00 7.50 4.75 4.75 1.06 2.25 1.42 1.45 2.15 4.75 1.90 2.15 1.38 2.35
MEXP 20:05 886 1 CRUZ AZUL 2.15 2.90 3.00 TOLUCA 1.23 1.25 1.47 2.80 1.92 3.70 2.55 2.18 3.35 3.60 5.25 25.00 15.00 4.25 15.00 28.00 6.75 5.25 3.00 1.22 1.60 1.90 1.18 3.30 3.00 1.78 3.30 1.68 1.82
USA 20:30 1753 1 SALT LAKE 2.30 3.05 2.70 NASHVILLE SC 1.31 1.24 1.43 2.90 1.95 3.40 2.60 2.25 3.10 3.75 5.50 25.00 14.00 4.50 14.00 28.00 6.50 4.75 3.10 1.20 1.65 1.85 1.20 3.10 3.10 1.80 3.10 1.62 1.88
USA 21:00 1754 1 SAN JOSE 2.18 3.30 2.70 PORTLAND 1.31 1.21 1.49 2.70 2.15 3.20 2.50 2.45 2.95 3.50 5.50 23.00 13.00 5.25 14.00 28.00 6.75 4.50 4.50 1.08 2.10 1.48 1.40 2.30 4.50 1.85 2.30 1.40 2.30
COR 00:00 895 2 JEJU UTD 2.02 3.10 3.00 DAEGU FC 1.22 1.21 1.52 2.55 1.90 3.75 2.30 2.20 3.45 3.15 4.90 25.00 14.00 4.60 14.00 28.00 7.25 5.25 2.75 1.22 1.55 1.95 1.10 3.75 2.75 1.75 3.75 1.80 1.70
JAP2 00:00 896 3 KYOTO SANGA 1.67 3.45 3.80 MITO HOLLYHOCK 1.13 1.16 1.81 2.30 1.95 4.10 2.10 2.25 3.75 2.75 4.50 22.00 14.00 4.90 14.00 32.00 8.25 6.00 3.00 1.18 1.78 1.72 1.15 3.20 3.00 1.65 3.20 1.75 1.75
JAP2 00:00 897 3 OMIYA 2.15 2.85 3.00 FAGIANO OKAYAMA 1.23 1.25 1.46 2.80 1.80 3.75 2.55 2.05 3.35 3.60 5.00 25.00 14.00 4.00 15.00 28.00 6.50 5.00 2.60 1.25 1.48 2.10 1.08 4.00 2.60 1.62 4.00 1.82 1.68
JAP2 00:00 898 3 YAMAGATA 1.68 3.25 4.00 EHIME 1.11 1.18 1.79 2.25 1.90 4.60 2.00 2.20 4.25 2.65 4.25 22.00 14.00 4.50 15.00 32.00 9.00 7.25 2.85 1.20 1.58 1.92 1.12 3.50 2.85 1.62 3.50 1.85 1.65
JAP 01:00 906 3 KAWASAKI 1.35 4.40 5.90 SAPPORO 1.03 1.10 2.52 1.82 2.40 5.40 1.67 2.80 5.10 2.05 4.25 18.00 15.00 7.25 16.00 38.00 13.00 9.25 4.75 1.06 2.30 1.40 1.45 2.15 4.75 1.90 2.15 1.55 1.95
JAP2 01:00 907 3 MACHIDA ZELVIA 2.75 2.80 2.35 NIIGATA 1.39 1.27 1.28 3.60 1.85 2.75 3.25 2.10 2.50 5.00 6.50 28.00 14.00 4.10 14.00 25.00 5.00 3.50 2.85 1.20 1.52 2.00 1.12 3.50 2.85 1.62 3.50 1.68 1.82
JAP2 01:00 908 3 TOKYO VERDY 2.08 3.20 2.80 GIRA KITAKYUSHU 1.26 1.19 1.49 2.70 2.00 3.25 2.45 2.25 3.00 3.40 5.25 25.00 14.00 4.75 14.00 28.00 6.50 4.40 3.20 1.15 1.82 1.68 1.18 3.00 3.20 1.65 3.00 1.60 1.90
AUS 01:05 909 3 MELBOURNE CITY 1.38 4.50 5.40 WELLINGTON PHOENIX 1.06 1.10 2.45 1.80 2.55 5.10 1.65 2.95 4.90 2.05 4.50 16.00 15.00 8.00 16.00 35.00 13.00 9.00 5.50 1.03 2.60 1.30 1.60 1.90 5.50 2.05 1.90 1.45 2.15
JAP 03:00 925 2 GAMBA OSAKA 2.25 3.10 2.80 URAWA 1.30 1.25 1.47 2.90 1.98 3.35 2.60 2.25 3.10 3.75 5.50 25.00 14.00 4.60 14.00 28.00 6.50 4.60 3.10 1.20 1.62 1.88 1.18 3.30 3.10 1.75 3.30 1.62 1.88
AUS 03:10 926 2 ADELAIDE UTD 2.15 3.40 2.70 BRISBANE ROAR 1.32 1.20 1.50 2.65 2.12 3.30 2.45 2.45 3.05 3.40 5.50 25.00 14.00 5.25 14.00 28.00 6.75 4.60 4.00 1.10 2.10 1.48 1.35 2.45 4.00 1.85 2.45 1.45 2.15
ESP3 04:00 929 3 EL EJIDO 2.30 2.90 2.70 LAS PALMAS B 1.28 1.24 1.40 - - - - - - - - - - - - - - - - - - - - - - - - - -
CHN 05:00 933 3 SHANGHAI SIPG 1.12 5.60 12.50 DALIAN YIFANG - 1.03 3.87 1.50 2.45 9.50 1.35 3.00 9.25 1.58 3.75 20.00 21.00 8.00 23.00 50.00 25.00 20.00 4.25 1.06 2.05 1.50 1.32 2.35 4.25 1.85 2.35 2.10 1.48
AUS 05:15 935 2 PERTH GLORY 2.20 3.45 2.55 WESTERN SYDNEY 1.34 1.18 1.47 2.60 2.20 3.20 2.40 2.55 2.95 3.30 5.50 23.00 14.00 5.75 14.00 28.00 7.00 4.50 4.50 1.08 2.25 1.42 1.42 2.25 4.50 1.85 2.25 1.40 2.30
POR2 05:15 936 3 SPORTING COVILHA 2.85 2.85 2.25 ESTORIL 1.43 1.26 1.26 3.15 1.90 2.95 2.85 2.20 2.70 4.10 6.00 28.00 14.00 4.60 14.00 25.00 5.75 3.90 2.85 1.20 1.48 2.10 1.12 3.50 2.85 1.78 3.50 1.72 1.78
ITA 05:30 225 1 FIORENTINA 5.25 4.20 1.47 NAPOLI 2.33 1.15 1.09 5.25 2.35 1.92 5.00 2.75 1.75 8.50 12.00 40.00 16.00 6.75 15.00 19.00 4.25 2.15 4.00 1.10 2.05 1.50 1.35 2.45 4.00 1.90 2.45 1.60 1.90
POL2 05:40 937 3 WIDZEW LODZ 3.10 3.10 2.08 NIECIECZA 1.55 1.24 1.24 3.45 1.95 2.90 3.15 2.20 2.65 4.50 6.50 28.00 14.00 4.75 14.00 25.00 5.50 3.75 2.85 1.25 1.52 2.00 1.12 3.90 2.85 1.68 3.90 1.80 1.70
INPL 06:00 205 1 CRYSTAL PALACE 2.80 3.30 2.20 ASTON VILLA 1.51 1.23 1.32 3.60 1.95 2.95 3.25 2.25 2.65 4.75 6.75 28.00 14.00 4.50 14.00 25.00 5.50 3.75 2.85 1.25 1.72 1.78 1.15 3.50 2.85 1.85 3.50 1.72 1.78
AL3 06:00 938 3 HALLESCHER 2.40 3.25 2.35 WEHEN 1.38 1.19 1.36 3.05 2.00 2.80 2.80 2.30 2.60 4.00 6.25 28.00 14.00 5.00 14.00 25.00 5.75 3.75 3.50 1.12 1.95 1.55 1.20 2.85 3.50 1.78 2.85 1.55 1.95
DEN 06:00 939 3 MIDTJYLLAND 1.33 4.30 6.75 RANDERS 1.02 1.11 2.63 1.80 2.30 6.25 1.63 2.70 6.00 2.00 4.00 19.00 16.00 6.75 17.00 40.00 15.00 11.00 3.90 1.12 1.92 1.58 1.30 2.60 3.90 1.78 2.60 1.80 1.70
DK3B 06:00 940 3 AVARTA 1.55 3.50 4.50 AB TAARNBY 1.07 1.15 1.97 2.05 2.10 4.60 1.85 2.40 4.25 - - - - - - - - - 3.75 1.10 1.88 1.62 1.25 2.60 3.75 1.68 2.60 1.62 1.88
ROM 06:00 941 3 UTA ARAD 2.30 2.65 3.00 GAZ METAN MEDIAS 1.23 1.30 1.41 3.05 1.70 3.75 2.70 1.95 3.40 3.90 5.00 25.00 14.00 3.50 15.00 28.00 6.25 5.25 2.25 1.35 1.35 2.45 1.03 4.75 2.25 1.68 4.75 1.95 1.55
RUS 06:00 942 3 AKHMAT GROZNY 3.70 3.30 1.80 SPARTAK MOSCOW 1.74 1.21 1.16 4.20 2.10 2.30 3.90 2.40 2.08 6.50 8.75 32.00 15.00 5.25 15.00 23.00 4.60 2.75 3.50 1.15 1.85 1.65 1.25 2.85 3.50 1.78 2.85 1.58 1.92
RUS 06:00 943 1 DINAMO MOSCU 2.80 3.15 2.18 CSKA MOSCU 1.48 1.23 1.29 3.25 2.05 2.80 3.00 2.35 2.55 4.40 6.50 28.00 14.00 5.00 14.00 25.00 5.50 3.60 3.50 1.15 1.68 1.82 1.25 2.85 3.50 1.78 2.85 1.55 1.95
RUS 06:00 944 3 KHIMKI 5.10 3.60 1.52 PFC SOCHI 2.11 1.17 1.07 4.80 2.10 2.15 4.50 2.40 1.95 7.50 10.00 40.00 16.00 5.25 15.00 23.00 4.40 2.50 3.30 1.18 1.75 1.75 1.22 3.00 3.30 1.78 3.00 1.72 1.78
RUS 06:00 945 3 LOKOMOTIV MOSCU 1.28 4.60 7.50 URAL - 1.09 2.85 1.70 2.40 7.00 1.55 2.85 6.50 1.85 3.90 21.00 18.00 7.25 20.00 50.00 17.00 13.00 4.00 1.10 2.00 1.52 1.35 2.45 4.00 1.85 2.45 1.82 1.68
RUS 06:00 946 1 ROSTOV 2.55 3.25 2.30 KRASNODAR 1.43 1.21 1.35 3.10 2.02 3.00 2.85 2.30 2.75 4.10 6.00 25.00 14.00 4.75 14.00 25.00 6.00 4.00 3.30 1.18 1.82 1.68 1.22 3.00 3.30 1.78 3.00 1.58 1.92
RUS 06:00 947 3 RUBIN KAZAN 1.28 4.50 7.50 ROTOR VOLGOGRAD - 1.09 2.81 1.75 2.25 7.50 1.57 2.70 7.00 1.85 3.90 21.00 19.00 6.50 21.00 50.00 17.00 14.00 3.50 1.15 1.90 1.60 1.25 2.85 3.50 1.78 2.85 1.95 1.55
RUS 06:00 948 3 TAMBOV 14.50 7.25 1.08 ZENIT 4.83 1.01 - - - - - - - - - - - - - - - - - - - - - - - - - - -
RUS 06:00 949 1 UFA 2.08 2.90 3.30 ARSENAL TULA 1.21 1.28 1.54 2.70 1.88 4.10 2.40 2.15 3.75 3.40 4.75 25.00 15.00 4.00 15.00 28.00 7.50 6.25 3.00 1.22 1.48 2.10 1.18 3.30 3.00 1.78 3.30 1.68 1.82
SPL 06:00 952 2 ST. MIRREN 2.45 2.90 2.65 DUNDEE UTD. 1.33 1.27 1.38 3.15 1.88 3.35 2.85 2.12 3.05 4.25 5.75 25.00 15.00 4.10 15.00 25.00 6.00 4.50 2.70 1.28 1.50 2.05 1.12 3.90 2.70 1.75 3.90 1.78 1.72
SUE2 06:00 953 3 AFC UTD 2.75 3.00 2.20 JONKOPINGS 1.43 1.22 1.27 3.10 1.90 3.00 2.85 2.20 2.70 4.10 6.00 25.00 14.00 4.40 14.00 25.00 5.75 4.00 3.00 1.18 1.65 1.85 1.15 3.20 3.00 1.80 3.20 1.62 1.88
BEL 06:30 955 1 OOSTANDE 2.35 3.50 2.35 GENT 1.41 1.18 1.41 2.95 2.12 2.95 2.70 2.45 2.70 3.75 6.00 25.00 15.00 5.75 15.00 28.00 6.00 3.75 3.30 1.18 1.75 1.75 1.22 3.00 3.30 1.78 3.00 1.62 1.88
AL3 07:00 968 3 1860 MUNICH 1.52 3.70 4.50 FC BAYERN MÜNCHEN II 1.08 1.14 2.03 1.95 2.20 4.75 1.78 2.55 4.50 2.25 4.25 20.00 15.00 5.75 16.00 40.00 10.50 8.00 4.00 1.08 2.15 1.45 1.32 2.35 4.00 1.90 2.35 1.58 1.92
DEN 07:00 971 3 AALBORG 1.48 3.90 4.90 HORSENS 1.07 1.14 2.17 1.95 2.25 5.00 1.78 2.65 4.75 2.25 4.25 20.00 15.00 6.25 16.00 40.00 11.50 8.50 4.00 1.10 2.05 1.50 1.35 2.45 4.00 1.85 2.45 1.58 1.92
AL3 07:00 969 3 DINAMO DRESDEN 1.30 4.25 6.50 SV TURKGUCU ATASPOR MUNCHEN - 1.08 2.57 1.78 2.25 6.00 1.60 2.60 5.75 2.00 4.00 19.00 15.00 6.50 17.00 40.00 14.00 10.50 3.75 1.10 1.92 1.58 1.28 2.50 3.75 1.90 2.50 1.80 1.70
CZE2 07:00 970 3 VLASIM 1.95 3.10 3.25 MFK CHRUDIM 1.20 1.22 1.59 2.45 2.00 3.75 2.25 2.30 3.40 3.05 4.90 25.00 14.00 4.90 14.00 28.00 7.50 5.50 3.50 1.12 1.78 1.72 1.20 2.85 3.50 1.78 2.85 1.60 1.90
ESP2 07:00 973 3 SABADELL 2.55 2.75 2.70 TENERIFE 1.32 1.31 1.36 3.40 1.81 3.30 3.05 2.05 3.00 4.50 6.00 25.00 16.00 3.90 16.00 25.00 5.75 4.40 2.50 1.32 1.38 2.35 1.08 4.50 2.50 1.72 4.50 1.88 1.62
EST 07:00 974 3 NOMME KALJU 2.60 3.35 2.15 PAIDE LINNAMEESKOND 1.46 1.18 1.31 3.10 2.05 2.65 2.85 2.35 2.45 - - - - - - - - - 3.75 1.10 1.92 1.58 1.28 2.50 3.75 1.72 2.50 1.48 2.10
HOL 07:30 988 1 AZ ALKMAAR 1.32 4.30 7.00 HERACLES 1.01 1.11 2.66 1.72 2.45 6.25 1.57 2.85 6.00 1.90 4.10 19.00 17.00 6.75 18.00 40.00 16.00 12.50 5.25 1.04 2.45 1.35 1.55 1.95 5.25 2.00 1.95 1.52 2.00
HOL 07:30 989 1 FEYENOORD 1.15 5.90 11.00 WAALWIJK - 1.04 3.84 1.48 2.80 8.75 1.35 3.35 8.50 1.55 4.00 19.00 20.00 9.50 23.00 50.00 25.00 19.00 5.75 1.02 2.70 1.28 1.65 1.85 5.75 2.05 1.85 1.72 1.78
HOL 07:30 990 1 HEERENVEEN 2.30 3.25 2.60 SPARTA ROT. 1.35 1.22 1.44 2.85 2.10 3.10 2.60 2.40 2.85 3.75 5.75 25.00 14.00 5.00 14.00 28.00 6.50 4.25 4.00 1.10 1.95 1.55 1.32 2.50 4.00 1.80 2.50 1.45 2.15
HOL 07:30 991 1 TWENTE 1.85 3.50 3.30 DEN HAAG 1.21 1.19 1.70 2.35 2.20 3.70 2.15 2.55 3.45 2.90 5.00 21.00 14.00 5.75 14.00 32.00 8.00 5.50 4.50 1.08 2.15 1.45 1.42 2.25 4.50 1.85 2.25 1.42 2.25
HOL 07:30 992 1 UTRECHT 3.30 3.50 1.85 PSV EINDHOVEN 1.70 1.19 1.21 3.70 2.20 2.35 3.45 2.55 2.15 5.50 8.00 32.00 14.00 5.75 14.00 22.00 5.00 2.85 4.50 1.08 2.15 1.45 1.42 2.25 4.50 1.85 2.25 1.42 2.25
HOL 07:30 993 1 VITESSE 4.10 3.90 1.58 AJAX 2.00 1.14 1.12 4.25 2.40 2.02 4.00 2.75 1.85 6.75 10.00 35.00 15.00 6.50 14.00 19.00 4.60 2.35 5.25 1.04 2.45 1.35 1.55 1.95 5.25 2.00 1.95 1.38 2.35
HOL 07:30 994 1 VVV VENLO 2.30 3.30 2.55 EMMEN 1.36 1.21 1.44 2.80 2.15 3.05 2.60 2.45 2.80 3.75 5.75 25.00 14.00 5.25 14.00 28.00 6.25 4.10 4.50 1.08 2.05 1.50 1.38 2.35 4.50 1.80 2.35 1.42 2.25
HOL 07:30 995 1 WILLEM 2.25 3.25 2.60 FORT. SITTARD 1.33 1.21 1.44 2.80 2.12 3.15 2.55 2.40 2.90 3.75 5.75 25.00 14.00 5.25 14.00 28.00 6.50 4.25 4.00 1.10 1.95 1.55 1.32 2.50 4.00 1.80 2.50 1.45 2.15
HOL 07:30 996 1 ZWOLLE 2.30 3.25 2.60 GRONINGEN 1.35 1.22 1.44 2.85 2.10 3.10 2.60 2.40 2.85 3.75 5.75 25.00 14.00 5.00 14.00 28.00 6.50 4.25 4.00 1.10 1.95 1.55 1.32 2.50 4.00 1.80 2.50 1.45 2.15
ITA 08:00 226 1 BENEVENTO 1.45 4.40 5.10 CROTONE 1.09 1.13 2.36 2.05 2.35 4.70 1.88 2.70 4.40 2.30 4.40 20.00 15.00 6.25 16.00 40.00 10.50 7.50 4.50 1.08 2.35 1.38 1.38 2.35 4.50 1.90 2.35 1.52 2.00
ITA 08:00 227 1 UDINESE 2.40 3.20 2.60 SAMPDORIA 1.37 1.25 1.43 3.10 2.02 3.20 2.85 2.30 2.90 4.00 6.00 25.00 14.00 4.75 14.00 25.00 6.00 4.10 3.00 1.22 1.65 1.85 1.18 3.30 3.00 1.85 3.30 1.68 1.82
CZE 08:00 1000 3 PARDUBICE 3.80 3.15 1.82 VIKTORIA PLZEN 1.72 1.23 1.15 4.10 2.05 2.40 3.80 2.35 2.15 6.25 8.50 32.00 15.00 5.00 14.00 23.00 4.75 2.90 3.30 1.18 1.88 1.62 1.22 3.00 3.30 1.78 3.00 1.62 1.88
CZE 08:00 1001 3 TEPLICE 2.30 3.20 2.65 BUDEJOVICE 1.34 1.23 1.45 2.55 1.98 4.00 2.30 2.25 3.70 3.10 4.90 25.00 14.00 4.75 15.00 28.00 7.75 5.75 3.00 1.22 1.60 1.90 1.15 3.50 3.00 1.72 3.50 1.72 1.78
NOR 08:00 1005 2 SARPSBORG 2.25 3.20 2.70 HAUGESUND 1.32 1.23 1.46 - - - - - - - - - - - - - - - - - - - - - - - - - -
NOR 08:00 1006 3 VALERENGA 1.38 4.20 5.75 KRISTIANSUND 1.04 1.11 2.43 - - - - - - - - - - - - - - - - - - - - - - - - - -
POR2 08:00 1008 3 PENAFIEL 6.00 3.10 1.52 VIZELA 2.04 1.21 1.02 6.00 1.85 2.10 5.50 2.15 1.90 9.75 11.00 40.00 17.00 4.25 16.00 22.00 3.90 2.45 2.50 1.28 1.48 2.10 1.06 4.25 2.50 1.78 4.25 2.10 1.48
NOR 08:00 1007 3 VIKINGO 1.71 3.38 4.02 TROMSO 1.14 1.20 1.84 - - - - - - - - - - - - - - - - - - - - - - - - - -
