COR 00:00 474 3 JEJU UTD 1.82 2.90 3.90 SEONGNAM 1.12 1.24 1.66 2.45 1.80 4.60 2.20 2.05 4.25 3.00 4.40 22.00 15.00 4.00 16.00 32.00 8.50 7.00 2.40 1.30 1.38 2.35 1.05 4.50 2.40 1.78 4.50 1.95 1.55
JAP 00:00 475 2 SAGAN TOSU 3.10 3.20 2.05 KASHIMA 1.57 1.23 1.25 3.70 2.00 2.60 3.40 2.30 2.40 5.25 7.25 28.00 15.00 4.90 14.00 25.00 5.00 3.25 3.00 1.22 1.60 1.90 1.18 3.30 3.00 1.78 3.30 1.70 1.80
JAP 00:00 476 3 SAPPORO 1.65 3.60 4.00 SHIMIZU 1.13 1.17 1.89 2.18 2.20 4.25 1.98 2.55 4.00 2.50 4.60 21.00 14.00 6.00 15.00 38.00 9.25 6.50 3.90 1.12 1.90 1.60 1.28 2.70 3.90 1.75 2.70 1.60 1.90
JAP 00:00 477 2 SENDAI 2.25 3.00 2.85 OITA TRINITA 1.29 1.26 1.46 2.85 1.95 3.50 2.55 2.20 3.25 3.60 5.25 25.00 14.00 4.60 15.00 28.00 6.75 4.90 2.85 1.25 1.50 2.05 1.15 3.50 2.85 1.78 3.50 1.72 1.78
COR 00:40 480 3 ULSAN 1.92 3.10 3.25 POHANG STEELERS 1.19 1.21 1.59 2.45 2.00 3.75 2.25 2.25 3.45 3.05 4.75 25.00 14.00 4.75 14.00 28.00 7.50 5.50 3.20 1.15 1.65 1.85 1.18 3.00 3.20 1.80 3.00 1.62 1.88
JAP 01:00 484 3 KAWASAKI 1.09 7.00 14.00 YOKOHAMA - 1.01 4.67 1.40 2.95 10.00 1.28 3.70 10.00 1.45 4.10 19.00 22.00 10.00 25.00 80.00 32.00 23.00 6.25 1.01 2.85 1.25 1.72 1.78 6.25 2.10 1.78 1.82 1.68
JAP 02:00 492 2 URAWA 2.40 3.15 2.50 VISSEL KOBE 1.36 1.22 1.39 2.90 2.10 3.05 2.70 2.40 2.80 3.75 6.00 25.00 14.00 5.50 14.00 28.00 6.25 3.90 3.50 1.15 1.62 1.88 1.22 3.00 3.50 1.72 3.00 1.58 1.92
JAP 03:00 501 2 AVISPA FUKUOKA 2.18 2.95 3.00 SHONAN 1.25 1.26 1.49 3.00 1.88 3.60 2.70 2.12 3.25 3.90 5.50 25.00 14.00 4.25 15.00 28.00 6.50 4.90 2.60 1.30 1.45 2.15 1.10 4.00 2.60 1.78 4.00 1.82 1.68
JAP 03:00 502 3 YOKOHAMA MARINOS 1.50 4.00 4.60 KASHIWA 1.09 1.13 2.14 1.98 2.35 4.60 1.81 2.70 4.30 2.25 4.50 19.00 15.00 6.75 16.00 38.00 11.00 7.50 4.50 1.08 2.30 1.40 1.42 2.25 4.50 1.85 2.25 1.50 2.05
JAP 04:00 509 2 TOKUSHIMA 3.35 2.95 2.02 NAGOYA 1.57 1.26 1.20 4.00 1.82 2.85 3.60 2.08 2.55 5.50 7.25 28.00 15.00 4.10 15.00 25.00 5.00 3.60 2.30 1.40 1.30 2.60 1.05 5.00 2.30 1.78 5.00 2.05 1.50
JAP2 04:00 510 3 FC RYUKYU 2.05 3.20 2.90 YAMAGATA 1.25 1.20 1.52 2.55 1.90 3.75 2.30 2.20 3.45 3.15 4.75 25.00 14.00 4.50 14.00 28.00 7.25 5.25 2.85 1.20 1.62 1.88 1.12 3.50 2.85 1.62 3.50 1.72 1.78
AUS 04:10 511 3 MELBOURNE CITY 1.40 4.30 5.25 CC MARINERS 1.06 1.11 2.36 1.78 2.45 5.50 1.63 2.85 5.25 2.00 4.25 18.00 15.00 7.50 17.00 40.00 14.00 9.75 5.00 1.05 2.35 1.38 1.48 2.10 5.00 1.90 2.10 1.55 1.95
JAP 05:00 519 2 FC TOKYO 2.08 3.20 3.00 GAMBA OSAKA 1.26 1.23 1.55 2.60 2.02 3.70 2.35 2.30 3.40 3.20 5.00 25.00 14.00 5.00 14.00 28.00 7.50 5.25 3.10 1.20 1.65 1.85 1.18 3.30 3.10 1.75 3.30 1.68 1.82
POL2 05:40 520 3 GKS TYCHY 2.90 2.95 2.25 NIECIECZA 1.46 1.27 1.28 3.70 1.92 2.75 3.35 2.20 2.50 5.25 7.00 28.00 15.00 4.40 15.00 25.00 5.25 3.50 3.00 1.22 1.55 1.95 1.15 3.50 3.00 1.72 3.50 1.70 1.80
POL2 05:40 521 3 ZAGLEBIE SOSNOWIEC 1.70 3.70 3.70 GKS JASTRZEBIE 1.16 1.16 1.85 2.30 2.08 4.30 2.08 2.40 4.00 2.70 4.60 23.00 14.00 5.75 15.00 35.00 9.00 6.00 2.70 1.28 1.52 2.00 1.12 3.90 2.70 1.75 3.90 1.92 1.58
DEN2 06:00 522 3 SKIVE 1.82 3.40 3.25 HVIDOVRE 1.19 1.17 1.66 2.40 2.10 3.50 2.20 2.40 3.30 3.00 5.00 23.00 14.00 5.25 14.00 28.00 7.50 5.25 3.75 1.10 1.92 1.58 1.28 2.50 3.75 1.90 2.50 1.50 2.05
SU3S 06:00 523 3 TVAAKERS IF 1.35 4.25 5.75 ASSYRISKA TURAB. IK JKP 1.02 1.09 2.44 1.75 2.35 5.50 1.60 2.75 5.25 - - - - - - - - - 4.75 1.03 2.35 1.38 1.42 2.10 4.75 1.78 2.10 1.55 1.95
SU3S 06:00 524 3 UTSIKTENS 1.57 3.80 4.00 SKOVDE 1.11 1.13 1.95 2.00 2.30 4.10 1.85 2.65 3.90 - - - - - - - - - 5.00 1.02 2.45 1.35 1.48 2.00 5.00 1.80 2.00 1.40 2.30
SUE2 06:00 525 3 NORRBY 1.88 3.05 3.40 AFC UTD 1.16 1.21 1.61 2.45 1.90 4.10 2.20 2.20 3.75 3.00 4.60 25.00 14.00 4.40 15.00 28.00 8.00 6.25 3.00 1.18 1.62 1.88 1.15 3.20 3.00 1.80 3.20 1.70 1.80
AL3 06:30 526 3 FC BAYERN MÜNCHEN II 1.75 3.70 3.25 HALLESCHER 1.19 1.14 1.73 2.20 2.20 3.75 2.00 2.55 3.50 2.60 4.75 20.00 14.00 6.25 14.00 32.00 8.50 5.50 4.25 1.06 2.25 1.42 1.35 2.25 4.25 1.90 2.25 1.48 2.10
AL3 06:30 527 3 HANSA ROSTOCK 1.30 4.30 6.25 LUBECK - 1.08 2.55 1.78 2.25 5.75 1.60 2.65 5.50 1.95 4.00 19.00 15.00 6.75 17.00 40.00 14.00 10.00 4.00 1.08 2.00 1.52 1.28 2.50 4.00 1.80 2.50 1.78 1.72
AL3 06:30 529 3 KAISERSLAUTERN 2.20 3.35 2.50 VERL 1.33 1.17 1.43 2.65 2.15 2.95 2.45 2.45 2.70 3.50 5.75 23.00 13.00 5.50 13.00 25.00 6.25 4.10 4.75 1.03 2.35 1.38 1.45 2.05 4.75 2.00 2.05 1.35 2.45
AL3 06:30 530 3 MAGDEBURG 1.52 3.70 4.50 UNTERHACHING 1.08 1.14 2.03 2.05 2.10 4.60 1.85 2.45 4.25 2.40 4.25 21.00 14.00 5.50 15.00 40.00 10.00 7.50 3.75 1.10 1.95 1.55 1.25 2.60 3.75 1.80 2.60 1.62 1.88
AL3 06:30 531 3 SV MEPPEN 1.90 3.50 2.95 DUISBURGO 1.23 1.16 1.60 2.55 2.10 3.15 2.35 2.40 2.95 3.25 5.50 23.00 14.00 5.50 14.00 28.00 6.75 4.40 4.00 1.08 2.00 1.52 1.30 2.40 4.00 1.90 2.40 1.45 2.15
AL3 06:30 532 3 SV TURKGUCU ATASPOR MUNCHEN 2.90 3.25 2.02 VIKTORIA COLOGNE 1.53 1.19 1.25 3.40 2.05 2.50 3.15 2.35 2.30 4.90 7.00 28.00 14.00 5.00 14.00 25.00 5.00 3.15 4.00 1.08 1.95 1.55 1.28 2.50 4.00 1.80 2.50 1.48 2.10
AL3 06:30 533 3 WALDHOF MANNHEIM 2.50 3.05 2.40 UERDINGEN 1.37 1.22 1.34 2.65 2.00 3.30 2.45 2.25 3.05 3.45 5.25 25.00 14.00 4.75 14.00 28.00 6.50 4.75 3.75 1.10 1.88 1.62 1.25 2.60 3.75 1.80 2.60 1.52 2.00
AL3 06:30 1038 3 WEHEN 2.85 3.20 2.08 DINAMO DRESDEN 1.51 1.20 1.26 3.60 2.15 2.35 3.35 2.45 2.15 5.25 7.75 28.00 14.00 5.25 14.00 22.00 4.90 2.90 4.50 1.05 1.92 1.58 1.38 2.20 4.50 1.90 2.20 1.42 2.25
AL3 06:30 535 3 ZWICKAU 2.60 3.15 2.25 SAARBRUCKEN 1.42 1.21 1.31 3.10 2.05 2.75 2.85 2.30 2.50 4.25 6.25 28.00 14.00 4.75 13.00 25.00 5.50 3.60 4.00 1.08 1.95 1.55 1.30 2.40 4.00 1.90 2.40 1.45 2.15
BLR 06:30 536 3 FC SMORGON 7.00 4.25 1.30 TORPEDO ZHODINO 2.64 1.10 - 6.25 2.20 1.75 6.00 2.60 1.60 - - - - - - - - - 3.75 1.10 1.80 1.70 1.25 2.60 3.75 1.68 2.60 1.85 1.65
INCH 06:30 1658 1 BRENTFORD 1.98 3.40 3.55 BOURNEMOUTH 1.25 1.27 1.74 2.65 2.00 3.90 2.40 2.30 3.60 3.25 5.00 25.00 14.00 4.75 15.00 28.00 7.50 5.50 3.00 1.22 1.80 1.80 1.15 3.50 3.00 1.78 3.50 1.72 1.78
DEN2 07:00 537 3 FREMAD AMAGER 2.50 3.30 2.25 KOLDING 1.42 1.18 1.34 3.00 2.00 2.85 2.75 2.30 2.60 4.00 6.00 28.00 14.00 4.90 14.00 25.00 5.75 3.75 3.50 1.12 1.85 1.65 1.22 2.75 3.50 1.80 2.75 1.55 1.95
DK3A 07:00 538 3 JAMMERBUGT 1.15 5.60 9.75 SYDVEST 05 - 1.03 3.56 1.48 2.60 8.00 1.35 3.15 7.75 - - - - - - - - - 5.00 1.02 2.35 1.38 1.45 2.05 5.00 1.78 2.05 1.82 1.68
DK3A 07:00 539 3 MIDDELFART 1.20 5.25 7.50 SFB OURE FA - 1.03 3.09 1.55 2.60 6.50 1.42 3.10 6.25 - - - - - - - - - 5.25 1.01 2.60 1.30 1.55 1.85 5.25 1.95 1.85 1.58 1.92
DK3B 07:00 540 3 HILLEROD 3.00 3.10 2.02 HIK HELLERUP 1.52 1.21 1.22 3.50 1.95 2.60 3.25 2.25 2.35 - - - - - - - - - 3.50 1.12 1.78 1.72 1.20 2.85 3.50 1.62 2.85 1.58 1.92
FIN 07:00 541 3 INTER TURKU 1.15 5.40 10.50 KOTKA - 1.04 3.57 1.58 2.40 8.00 1.42 2.85 7.75 1.68 3.75 20.00 19.00 7.50 21.00 50.00 20.00 16.00 4.00 1.08 2.00 1.52 1.30 2.40 4.00 1.90 2.40 1.95 1.55
AUT2 07:30 560 3 AUSTRIA WIEN (AM) 1.55 3.75 4.20 VORWARTS STEYR 1.10 1.13 1.98 1.95 2.25 4.40 1.80 2.65 4.10 2.25 4.40 19.00 14.00 6.25 15.00 38.00 10.00 7.25 4.75 1.03 2.25 1.42 1.42 2.10 4.75 1.95 2.10 1.45 2.15
CZE2 08:00 563 3 FK SLAVOJ VYSEHRAD 5.60 4.00 1.38 JIHLAVA 2.33 1.11 1.03 5.25 2.30 1.78 5.00 2.70 1.62 9.00 13.00 38.00 16.00 7.25 15.00 18.00 4.10 2.00 4.00 1.08 1.95 1.55 1.28 2.50 4.00 1.80 2.50 1.72 1.78
CZE2 08:00 564 3 HRADEC KRALOVE 2.05 3.15 2.95 SK LISEN 1.24 1.21 1.52 2.55 2.00 3.45 2.35 2.30 3.15 3.25 5.00 25.00 14.00 4.75 14.00 28.00 7.00 4.90 3.50 1.12 1.82 1.68 1.22 2.75 3.50 1.80 2.75 1.55 1.95
CZE2 08:00 565 3 MAS TABORSKO 1.85 3.20 3.40 VLASIM 1.17 1.20 1.65 2.40 1.95 3.90 2.15 2.25 3.60 2.95 4.75 22.00 14.00 4.75 14.00 32.00 7.75 5.75 3.20 1.15 1.70 1.80 1.18 3.00 3.20 1.80 3.00 1.65 1.85
CZE2 08:00 566 3 MFK CHRUDIM 3.15 3.15 1.95 VIKTORIA ZIZKOV 1.58 1.20 1.20 3.75 1.95 2.50 3.40 2.25 2.30 5.25 7.25 28.00 14.00 4.75 14.00 25.00 4.90 3.15 3.20 1.15 1.68 1.82 1.18 3.00 3.20 1.80 3.00 1.65 1.85
CZE2 08:00 567 3 PROSTEJOV 1.92 3.15 3.20 VARNSDORF 1.19 1.20 1.59 2.45 2.00 3.60 2.25 2.30 3.40 3.05 4.90 25.00 14.00 4.75 14.00 28.00 7.50 5.50 3.75 1.10 1.85 1.65 1.25 2.60 3.75 1.80 2.60 1.52 2.00
CZE2 08:00 568 3 TRINEC 1.78 3.30 3.50 FK BLANSKO 1.16 1.18 1.70 2.25 2.05 4.00 2.05 2.35 3.75 2.75 4.60 22.00 14.00 5.25 14.00 32.00 8.25 5.75 3.20 1.15 1.75 1.75 1.18 3.00 3.20 1.80 3.00 1.65 1.85
CZE2 08:00 569 3 USTI NAD LABEM 2.40 3.10 2.40 DUKLA PRAGUE 1.35 1.20 1.35 3.00 1.95 3.00 2.75 2.25 2.75 4.00 5.75 25.00 14.00 4.75 14.00 25.00 5.75 4.00 3.20 1.15 1.70 1.80 1.18 3.00 3.20 1.80 3.00 1.60 1.90
DK3A 08:00 570 3 B 93 KOPENHAGEN 1.43 4.00 5.00 DALUM 1.05 1.11 2.22 1.85 2.25 5.00 1.70 2.60 4.75 - - - - - - - - - 4.25 1.06 2.05 1.50 1.32 2.35 4.25 1.70 2.35 1.60 1.90
LPS 08:00 571 3 TERNANA 2.00 3.00 3.20 PERUGIA 1.20 1.23 1.55 2.55 1.95 3.75 2.30 2.20 3.40 - - - - - - - - - 3.50 1.12 1.75 1.75 1.20 2.85 3.50 1.62 2.85 1.58 1.92
POL3 08:00 574 3 ZNICZ PRUSZKOW 2.55 3.25 2.25 GARBARNIA KRAKOW 1.43 1.20 1.33 - - - - - - - - - - - - - - - - - - - - - - - - - -
SCC 08:00 1307 1 ST JOHNSTONE 2.90 2.80 2.35 HIBERNIAN 1.42 1.30 1.28 3.40 1.85 2.90 3.10 2.10 2.60 4.60 6.50 28.00 14.00 4.25 14.00 25.00 5.25 3.75 2.85 1.25 1.40 2.30 1.08 4.50 2.60 1.78 4.00 1.82 1.68
SUE 08:00 575 3 AIK ESTOCOLMO 1.75 3.10 4.25 MJALLBY 1.12 1.24 1.79 2.35 1.92 4.80 2.12 2.20 4.40 2.85 4.40 23.00 15.00 4.40 16.00 32.00 9.25 7.50 2.85 1.25 1.55 1.95 1.15 3.50 2.85 1.78 3.50 1.85 1.65
SUE2 08:00 576 3 JONKOPINGS 1.78 3.15 3.70 LANDSKRONA 1.14 1.20 1.70 2.35 1.90 4.40 2.10 2.20 4.00 2.85 4.40 22.00 14.00 4.50 15.00 32.00 8.50 6.75 2.85 1.20 1.60 1.90 1.12 3.50 2.85 1.78 3.50 1.80 1.70
SUE2 08:00 577 3 ORGRYTE 2.90 2.95 2.15 SUNDSVALL 1.46 1.23 1.24 3.40 1.90 2.85 3.10 2.15 2.55 4.75 6.50 28.00 14.00 4.25 14.00 25.00 5.25 3.75 3.00 1.18 1.60 1.90 1.15 3.20 3.00 1.80 3.20 1.62 1.88
ALE 08:30 244 1 BAYERN 1.09 8.00 14.00 AUGSBURG - 1.01 5.09 1.38 3.35 9.75 1.27 4.10 9.75 1.40 4.40 19.00 22.00 12.00 25.00 80.00 35.00 23.00 6.25 1.01 3.90 1.12 2.10 1.48 6.25 2.90 1.48 1.58 1.92
ALE 08:30 247 1 COLONIA 1.33 5.00 6.25 SCHALKE 04 1.05 1.10 2.78 1.72 2.70 5.75 1.58 3.15 5.50 1.85 4.40 16.00 16.00 8.75 18.00 40.00 15.00 10.50 5.75 1.02 2.70 1.28 1.65 1.85 5.75 2.15 1.85 1.45 2.15
ALE 08:30 246 1 DORTMUND 1.52 4.30 4.50 LEVERKUSEN 1.12 1.14 2.20 1.95 2.55 4.40 1.80 3.00 4.20 2.20 4.75 17.00 15.00 7.50 16.00 35.00 11.00 7.25 6.25 1.01 2.85 1.25 1.72 1.78 6.25 2.20 1.78 1.32 2.50
ALE 08:30 241 1 EINTRACHT FRANKFURT 2.00 3.80 2.85 FRIBURGO 1.31 1.18 1.63 2.45 2.45 3.15 2.30 2.80 2.95 3.05 5.75 19.00 14.00 6.75 14.00 25.00 7.50 4.40 6.25 1.01 2.85 1.25 1.68 1.82 6.25 2.15 1.80 1.25 2.85
ALE 08:30 248 1 HOFFENHEIM 1.88 3.75 3.25 HERTHA 1.25 1.19 1.74 2.35 2.40 3.50 2.15 2.70 3.35 2.85 5.25 19.00 14.00 6.50 14.00 28.00 8.00 5.25 5.50 1.03 2.45 1.35 1.55 1.95 5.50 2.05 1.95 1.32 2.50
ALE 08:30 243 1 STUTTGART 2.35 3.50 2.50 ARMINIA BIELEFELD 1.41 1.21 1.46 2.85 2.25 3.05 2.60 2.55 2.80 3.75 6.00 25.00 14.00 5.50 14.00 25.00 6.50 4.10 4.75 1.06 2.25 1.42 1.42 2.25 4.75 1.90 2.25 1.38 2.35
ALE 08:30 245 1 UNION BERLIN 2.70 3.50 2.18 RB LEIPZIG 1.52 1.21 1.34 3.10 2.30 2.70 2.90 2.60 2.50 4.25 6.75 28.00 14.00 5.75 14.00 25.00 5.75 3.40 4.75 1.06 2.25 1.42 1.45 2.15 4.75 2.00 2.15 1.35 2.45
ALE 08:30 249 1 WERDER BREMEN 2.45 3.60 2.35 MONCHENGLADBACH 1.46 1.20 1.42 2.95 2.30 2.80 2.75 2.65 2.60 3.90 6.50 25.00 14.00 6.00 14.00 25.00 6.00 3.60 4.75 1.06 2.30 1.40 1.45 2.15 4.75 2.00 2.15 1.35 2.45
ALE 08:30 242 1 WOLFSBURGO 1.57 4.10 4.40 MAINZ 1.14 1.16 2.12 2.08 2.35 4.50 1.90 2.75 4.25 2.35 4.60 19.00 15.00 6.50 16.00 38.00 10.50 7.25 4.75 1.06 2.35 1.38 1.45 2.15 4.75 2.00 2.15 1.45 2.15
BLR 08:30 578 3 MINSK 3.15 3.05 1.98 DINAMO BREST 1.55 1.22 1.20 3.30 1.95 2.75 3.05 2.20 2.50 - - - - - - - - - 3.20 1.15 1.72 1.78 1.18 3.00 3.20 1.65 3.00 1.58 1.92
FIN 09:00 582 3 LAHTI 2.50 3.00 2.40 HONKA 1.36 1.22 1.33 3.40 1.85 2.85 3.10 2.15 2.60 4.60 6.25 28.00 14.00 4.25 14.00 25.00 5.25 3.75 2.85 1.20 1.60 1.90 1.12 3.50 2.85 1.78 3.50 1.70 1.80
FIN 09:00 583 3 SEINAJOEN JK 5.00 3.45 1.52 HELSINKI 2.04 1.17 1.06 5.25 2.05 2.05 4.75 2.35 1.85 8.50 10.50 40.00 16.00 5.00 15.00 22.00 4.10 2.35 3.20 1.15 1.68 1.82 1.20 2.85 3.20 1.85 2.85 1.78 1.72
FIN2 09:00 584 3 JIPPO JOENSUU 2.50 2.95 2.40 KLUBI 04 HELSINKI 1.35 1.22 1.32 3.15 1.90 3.05 2.85 2.15 2.75 4.10 5.75 25.00 14.00 4.25 14.00 25.00 5.75 4.00 2.85 1.20 1.62 1.88 1.12 3.50 2.85 1.62 3.50 1.68 1.82
FIN2 09:00 585 3 KOKKOLA 1.67 3.40 3.90 GNISTAN 1.12 1.17 1.82 2.15 2.10 4.25 1.95 2.40 3.90 2.55 4.40 21.00 14.00 5.25 14.00 35.00 8.75 6.50 3.75 1.10 1.92 1.58 1.25 2.60 3.75 1.68 2.60 1.58 1.92
FIN2 09:00 586 3 MUSA PORI 3.25 3.05 1.95 ROVANIEMI 1.57 1.22 1.19 3.75 1.85 2.75 3.35 2.10 2.45 5.25 6.75 28.00 14.00 4.10 14.00 25.00 4.90 3.45 2.75 1.22 1.50 2.05 1.10 3.75 2.75 1.62 3.75 1.78 1.72
ICL 09:00 587 3 ALDERSHOT 3.20 3.15 1.92 BROMLEY 1.59 1.20 1.19 3.45 1.95 2.65 3.15 2.20 2.45 4.90 6.75 28.00 14.00 4.50 14.00 25.00 5.25 3.40 3.20 1.15 1.78 1.72 1.18 3.00 3.20 1.80 3.00 1.60 1.90
ICL 09:00 588 3 ALTRINCHAM 3.05 3.10 2.00 YEOVIL 1.54 1.21 1.22 3.50 1.95 2.60 3.20 2.25 2.35 4.90 7.00 28.00 14.00 4.75 14.00 25.00 5.00 3.25 3.20 1.15 1.70 1.80 1.18 3.00 3.20 1.80 3.00 1.62 1.88
ICL 09:00 589 3 CHESTERFIELD 1.98 3.15 3.10 DAGENHAM & RED 1.22 1.21 1.56 2.80 1.90 3.40 2.55 2.15 3.10 3.50 5.25 25.00 14.00 4.75 14.00 28.00 6.50 4.50 2.50 1.28 1.52 2.00 1.08 4.00 2.50 1.80 4.00 1.88 1.62
ICL 09:00 590 3 EASTLEIGH 2.00 3.20 2.95 BOREHAM 1.23 1.19 1.53 2.60 1.85 3.90 2.35 2.10 3.60 3.25 4.75 25.00 14.00 4.40 15.00 28.00 7.25 5.50 2.50 1.28 1.60 1.90 1.06 4.25 2.50 1.78 4.25 1.92 1.58
ICL 09:00 591 3 MAIDENHEAD UTD 3.25 3.25 1.85 HALIFAX 1.63 1.18 1.18 3.75 1.95 2.55 3.40 2.20 2.30 5.25 7.25 28.00 14.00 4.60 14.00 25.00 4.90 3.15 2.85 1.20 1.68 1.82 1.12 3.50 2.85 1.78 3.50 1.72 1.78
ICL 09:00 592 3 NOTTS COUNTY 1.20 4.60 9.25 WEYMOUTH - 1.06 3.07 1.62 2.25 8.25 1.48 2.70 7.75 1.75 3.60 20.00 19.00 6.75 22.00 50.00 20.00 16.00 3.50 1.12 1.85 1.65 1.20 2.85 3.50 1.78 2.85 2.15 1.45
ICL 09:00 593 3 STOCKPORT 1.12 6.50 9.75 WOKING - - 3.90 1.50 2.55 8.00 1.38 3.05 7.75 1.60 3.90 19.00 19.00 8.50 21.00 50.00 22.00 17.00 4.75 1.03 2.15 1.45 1.42 2.10 4.75 1.95 2.10 1.85 1.65
ICL 09:00 594 3 TORQUAY 1.15 5.40 10.50 BARNET - 1.04 3.57 1.58 2.30 8.75 1.45 2.75 8.25 1.68 3.60 20.00 19.00 7.00 22.00 50.00 21.00 17.00 3.50 1.12 2.05 1.50 1.22 2.75 3.50 1.80 2.75 2.15 1.45
ICL 09:00 596 3 WREXHAM 1.15 5.40 9.75 KING'S LYNN TOWN - 1.03 3.48 1.55 2.40 8.00 1.42 2.90 7.75 1.65 3.75 20.00 19.00 7.50 21.00 50.00 20.00 16.00 4.00 1.08 2.25 1.42 1.32 2.35 4.00 1.90 2.35 1.95 1.55
SU3N 09:00 603 3 IFK HANINGE 1.78 3.40 3.35 OREBRO SYRIANSKA IF 1.17 1.16 1.69 2.25 2.10 3.90 2.05 2.40 3.60 - - - - - - - - - 4.00 1.08 2.10 1.48 1.28 2.50 4.00 1.68 2.50 1.50 2.05
SU3N 09:00 604 3 SANDVIKENS 1.45 3.75 5.00 SOLLENTUNA 1.05 1.12 2.14 1.90 2.20 5.00 1.72 2.55 4.75 - - - - - - - - - 4.25 1.06 2.10 1.48 1.35 2.25 4.25 1.75 2.25 1.55 1.95
SU3N 09:00 605 3 TABY FK 2.40 3.25 2.40 IF KARLSTAD FOTBOLL 1.38 1.20 1.38 2.85 2.10 2.85 2.65 2.40 2.65 - - - - - - - - - 4.25 1.06 2.05 1.50 1.35 2.25 4.25 1.75 2.25 1.40 2.30
SU3S 09:00 606 3 ATVIDABERG 2.40 3.30 2.30 LINDOME GIF 1.39 1.17 1.36 2.95 2.05 2.85 2.70 2.35 2.60 - - - - - - - - - 3.75 1.10 1.90 1.60 1.25 2.60 3.75 1.68 2.60 1.52 2.00
SU3S 09:00 607 3 LJUNGSKILE 1.53 3.80 4.25 TORNS IF 1.09 1.13 2.01 1.95 2.25 4.40 1.80 2.60 4.10 - - - - - - - - - 4.50 1.05 2.15 1.45 1.38 2.20 4.50 1.75 2.20 1.50 2.05
SU3S 09:00 608 3 OSTERLEN FF 2.35 3.40 2.35 QVIDING 1.39 1.18 1.39 2.80 2.15 2.80 2.60 2.45 2.60 - - - - - - - - - 4.60 1.04 2.15 1.45 1.40 2.15 4.60 1.75 2.15 1.38 2.35
SU3S 09:00 609 3 TROLLHATTAN 1.17 5.60 8.50 FC LINKOPING CITY - 1.03 3.38 1.48 2.80 7.00 1.35 3.40 6.75 - - - - - - - - - 5.25 1.01 2.70 1.28 1.55 1.85 5.25 1.95 1.85 1.68 1.82
SU3S 09:00 610 3 VANERSBORGS IF 3.10 3.60 1.82 OSKARSHAMNS AIK 1.67 1.15 1.21 3.45 2.20 2.30 3.25 2.55 2.10 - - - - - - - - - 4.60 1.04 2.15 1.45 1.38 2.20 4.60 1.72 2.20 1.42 2.25
ING1 09:30 617 1 SUNDERLAND 1.85 3.15 3.75 LINCOLN 1.17 1.24 1.71 2.50 1.98 4.10 2.25 2.25 3.75 3.05 4.75 25.00 14.00 4.75 15.00 28.00 8.00 6.00 3.00 1.22 1.58 1.92 1.15 3.50 3.00 1.72 3.50 1.75 1.75
AUT 10:00 618 2 RAPID VIENNA 2.25 3.50 2.50 LASK LINZ 1.37 1.18 1.46 2.55 2.20 3.30 2.35 2.50 3.05 3.20 5.50 23.00 14.00 5.75 14.00 28.00 7.00 4.60 4.00 1.10 2.05 1.50 1.38 2.35 4.00 1.90 2.35 1.45 2.15
AUT 10:00 619 3 SALZBURG 1.10 7.00 12.00 WSG WATTENS - 1.01 4.42 1.40 3.10 9.25 1.28 3.80 9.25 1.45 4.25 19.00 22.00 11.00 25.00 80.00 30.00 22.00 6.25 1.01 3.30 1.18 1.88 1.62 6.25 2.35 1.62 1.68 1.82
AUT 10:00 620 2 WOLFSBERGER 2.90 3.45 2.00 STURM GRAZ 1.58 1.18 1.27 3.35 2.25 2.45 3.10 2.60 2.25 4.60 7.50 28.00 14.00 6.25 14.00 22.00 5.50 3.00 4.50 1.08 1.95 1.55 1.40 2.30 4.50 1.85 2.30 1.42 2.25
CHI 10:00 621 3 COBRESAL 1.85 3.20 3.40 DEP LA SERENA 1.17 1.20 1.65 2.40 1.95 3.90 2.20 2.25 3.60 2.95 4.75 25.00 14.00 4.75 14.00 28.00 7.75 5.75 3.20 1.15 1.68 1.82 1.18 3.00 3.20 1.80 3.00 1.65 1.85
CRO 10:00 622 3 HAJDUK SPLIT 1.35 4.00 6.25 LOKOMOTIVA 1.01 1.11 2.44 1.80 2.15 6.50 1.62 2.50 6.00 2.00 3.90 20.00 16.00 6.00 17.00 40.00 14.00 11.50 3.20 1.15 1.72 1.78 1.18 3.00 3.20 1.80 3.00 1.92 1.58
CRO 10:00 623 3 OSIJEK 1.95 3.15 3.15 ISTRA 1.20 1.20 1.58 2.50 2.00 3.50 2.30 2.30 3.25 3.15 5.00 25.00 14.00 5.00 14.00 28.00 7.25 5.00 3.20 1.15 1.72 1.78 1.18 3.00 3.20 1.80 3.00 1.62 1.88
CRO 10:00 624 3 RIJEKA 1.95 3.05 3.25 GORICA 1.19 1.22 1.57 2.55 1.85 4.00 2.30 2.15 3.60 3.15 4.75 25.00 14.00 4.25 15.00 28.00 7.50 5.75 2.75 1.22 1.52 2.00 1.10 3.75 2.75 1.75 3.75 1.82 1.68
CRO 10:00 625 3 SLAVEN BELUPO 2.80 3.15 2.12 NK VARAZDIN SN 1.48 1.21 1.27 3.35 1.95 2.70 3.05 2.25 2.45 4.60 6.50 28.00 14.00 4.60 14.00 25.00 5.25 3.45 3.20 1.15 1.80 1.70 1.20 2.85 3.20 1.85 2.85 1.58 1.92
POL2 10:00 628 3 STOMIL OLSZTYN 2.35 2.95 2.75 PUSZCZA NIEPOLOMICE 1.31 1.27 1.42 3.20 1.90 3.20 2.90 2.15 2.90 4.25 6.00 25.00 15.00 4.40 15.00 25.00 6.00 4.25 2.60 1.30 1.52 2.00 1.10 4.00 2.60 1.78 4.00 1.85 1.65
TUR2 10:00 629 3 ISTANBULSPOR 2.50 3.25 2.25 ALTAY 1.41 1.18 1.33 2.75 2.05 3.00 2.55 2.35 2.80 - - - - - - - - - 3.75 1.10 1.95 1.55 1.25 2.60 3.75 1.68 2.60 1.50 2.05
URU 10:00 630 3 BOSTON RIVER 2.10 3.10 2.70 CLUB ATLETICO RENTISTAS 1.25 1.18 1.44 2.75 1.90 3.35 2.50 2.20 3.10 3.45 5.25 25.00 14.00 4.60 14.00 28.00 6.50 4.50 2.75 1.22 1.55 1.95 1.10 3.75 2.75 1.62 3.75 1.78 1.72
BLR 10:30 634 3 RUH BREST 1.85 3.30 3.25 NEMAN GRODNO 1.19 1.18 1.64 2.50 1.95 3.75 2.30 2.25 3.40 - - - - - - - - - 3.00 1.18 1.65 1.85 1.15 3.20 3.00 1.65 3.20 1.68 1.82
IT3P 10:30 637 3 FC LEGNAGO SALUS SSD 1.78 3.10 3.80 RAVENNA 1.13 1.21 1.71 - - - - - - - - - - - - - - - - - - - - - - - - - -
IT3P 10:30 638 3 PAGANESE 1.95 2.85 3.50 BISCEGLIE 1.16 1.25 1.57 2.60 1.80 4.25 2.30 2.05 3.75 - - - - - - - - - 2.60 1.25 1.48 2.10 1.08 4.00 2.60 1.62 4.00 1.85 1.65
SUE 10:30 639 2 OSTERSUNDS 2.85 3.10 2.20 SIRIUS 1.48 1.24 1.29 3.30 2.00 2.85 3.00 2.30 2.60 4.50 6.50 28.00 14.00 4.75 14.00 25.00 5.50 3.75 3.30 1.18 1.78 1.72 1.22 3.00 3.30 1.78 3.00 1.58 1.92
ESP 11:00 219 1 CELTA 2.95 3.70 2.00 BETIS 1.64 1.19 1.30 3.40 2.30 2.50 3.15 2.65 2.30 4.60 7.50 28.00 14.00 6.00 14.00 22.00 5.50 3.00 4.75 1.06 2.25 1.42 1.42 2.25 4.75 1.90 2.25 1.40 2.30
ESP 11:00 218 1 EIBAR 5.25 4.80 1.40 BARCELONA 2.51 1.11 1.08 4.90 2.70 1.80 4.80 3.15 1.67 8.25 13.00 35.00 16.00 8.75 15.00 16.00 4.60 2.00 6.25 1.01 2.85 1.25 1.70 1.80 6.25 2.15 1.80 1.38 2.35
ESP 11:00 220 1 ELCHE 1.85 3.40 3.60 ATHLETIC BILBAO 1.20 1.22 1.75 2.40 2.12 4.20 2.18 2.40 3.90 2.85 4.75 23.00 14.00 5.25 15.00 32.00 8.50 6.00 3.30 1.18 1.72 1.78 1.22 3.00 3.30 1.85 3.00 1.65 1.85
ESP 11:00 217 1 HUESCA 1.60 3.90 4.30 VALENCIA 1.13 1.17 2.05 2.12 2.25 4.60 1.95 2.60 4.30 2.40 4.50 20.00 14.00 6.00 15.00 38.00 10.00 7.00 3.90 1.12 1.92 1.58 1.30 2.60 3.90 1.85 2.60 1.60 1.90
ESP 11:00 216 1 OSASUNA 4.50 4.00 1.55 REAL SOCIEDAD 2.12 1.15 1.12 4.75 2.35 2.02 4.50 2.75 1.85 7.50 11.00 40.00 16.00 6.50 15.00 20.00 4.50 2.25 4.50 1.08 2.10 1.48 1.38 2.35 4.50 1.90 2.35 1.55 1.95
ESP 11:00 215 1 REAL MADRID 1.40 4.50 5.60 VILLARREAL 1.07 1.12 2.50 1.85 2.50 5.25 1.70 2.90 5.00 2.05 4.40 17.00 15.00 7.50 16.00 38.00 13.00 8.75 5.00 1.05 2.35 1.38 1.48 2.10 5.00 2.00 2.10 1.50 2.05
ESP 11:00 214 1 VALLADOLID 7.00 4.60 1.33 ATLETICO MADRID 2.78 1.12 1.03 6.75 2.40 1.78 6.50 2.85 1.60 12.00 16.00 50.00 18.00 7.00 17.00 20.00 4.00 1.90 3.90 1.12 1.95 1.55 1.32 2.50 3.90 1.90 2.50 1.82 1.68
FIN 11:00 649 3 ILVES 4.00 3.25 1.70 KUOPION 1.79 1.19 1.12 4.00 2.00 2.35 3.75 2.30 2.10 6.00 8.00 32.00 15.00 4.90 14.00 22.00 4.60 2.85 3.20 1.15 1.58 1.92 1.18 3.00 3.20 1.80 3.00 1.65 1.85
ISL 11:00 650 3 HAFNARFJORDUR 2.10 3.15 2.80 KR REYKJAVIK 1.26 1.20 1.48 2.25 2.10 3.75 2.05 2.45 3.60 2.75 4.75 21.00 14.00 5.25 14.00 32.00 8.25 5.75 4.25 1.06 2.00 1.52 1.35 2.25 4.25 1.90 2.25 1.45 2.15
SU3N 11:00 652 3 SYLVIA 2.25 3.35 2.45 GEFLE 1.35 1.17 1.42 2.75 2.10 2.95 2.55 2.40 2.75 - - - - - - - - - 4.00 1.08 2.10 1.48 1.28 2.50 4.00 1.68 2.50 1.48 2.10
POL3 11:15 653 3 GORNIK POLKOWICE 2.05 3.00 3.00 WIGRY SUWALKI 1.22 1.22 1.50 - - - - - - - - - - - - - - - - - - - - - - - - - -
ESTC 11:30 655 3 LEVADIA TALLINN 2.75 3.35 2.05 FLORA TALLINN 1.51 1.17 1.27 - - - - - - - - - - - - - - - - - - - - - - - - - -
POR2 12:00 661 3 ACADEMICO VISEU 1.85 3.25 3.30 SPORTING COVILHA 1.18 1.19 1.64 2.30 1.95 4.25 2.10 2.25 3.90 2.75 4.50 22.00 14.00 5.00 15.00 32.00 8.50 6.25 2.75 1.22 1.65 1.85 1.10 3.75 2.75 1.75 3.75 1.85 1.65
POR2 12:00 662 3 AROUCA 1.53 3.70 4.40 CHAVES 1.08 1.14 2.01 2.10 2.00 4.90 1.90 2.30 4.60 2.45 4.10 22.00 15.00 5.25 15.00 40.00 10.00 7.50 2.60 1.25 1.65 1.85 1.08 4.00 2.60 1.78 4.00 1.95 1.55
POR2 12:00 663 3 BENFICA II 3.90 3.50 1.63 PORTO II 1.84 1.15 1.11 - - - - - - - - - - - - - - - - - 1.95 1.55 - - - - - - -
POR2 12:00 664 3 COVA PIEDADE 2.25 2.75 2.95 CASA PIA 1.24 1.28 1.42 2.85 1.78 3.75 2.55 2.05 3.35 3.75 5.00 25.00 14.00 3.75 14.00 28.00 6.75 5.50 2.85 1.20 1.62 1.88 1.12 3.50 2.85 1.78 3.50 1.65 1.85
POR2 12:00 666 3 VARZIM 1.63 3.25 4.25 OLIVEIRENSE 1.09 1.18 1.84 2.30 1.90 4.50 2.05 2.20 4.10 2.75 4.40 22.00 14.00 4.60 15.00 32.00 8.75 6.75 2.75 1.22 1.58 1.92 1.12 3.50 2.75 1.80 3.50 1.85 1.65
ROC 12:00 1660 1 ASTRA GIURGIU 3.75 3.25 1.75 CSU CRAIOVA 1.74 1.19 1.14 4.10 1.90 2.45 3.75 2.15 2.20 6.00 8.00 28.00 15.00 4.40 14.00 25.00 4.60 3.05 2.75 1.22 1.55 1.95 1.10 3.75 2.75 1.75 3.75 1.82 1.68
SVK 12:00 668 3 DAC 1.63 3.75 3.70 SPARTAK TRNAVA 1.14 1.13 1.86 2.10 2.10 4.60 1.90 2.40 4.25 - - - - - - - - - 3.50 1.12 1.82 1.68 1.22 2.75 3.50 1.65 2.75 1.65 1.85
SVK 12:00 669 3 NITRA 5.60 3.90 1.40 ZEMPLIN 2.30 1.12 1.03 5.75 2.10 1.85 5.50 2.50 1.68 - - - - - - - - - 3.50 1.12 1.82 1.68 1.22 2.75 3.50 1.65 2.75 1.80 1.70
SVK 12:00 670 3 POHRONIE ZIAR NHDZ 2.00 2.90 3.25 RUZOMBEROK 1.18 1.24 1.53 2.55 1.95 3.60 2.30 2.20 3.35 - - - - - - - - - 3.75 1.10 1.72 1.78 1.25 2.60 3.75 1.68 2.60 1.52 2.00
SVK 12:00 671 3 SKF SERDED 3.00 3.60 1.88 SENICA 1.64 1.16 1.24 3.25 2.05 2.60 3.00 2.35 2.40 - - - - - - - - - 3.20 1.15 1.80 1.70 1.18 3.00 3.20 1.65 3.00 1.62 1.88
SVK 12:00 672 3 SLOVAN BRATISLAVA 1.18 5.40 8.00 TRENCIN - 1.03 3.22 1.60 2.45 6.50 1.48 2.90 6.50 - - - - - - - - - 5.25 1.01 2.60 1.30 1.60 1.80 5.25 2.00 1.80 1.52 2.00
SVK 12:00 673 3 ZILINA 1.53 4.10 4.00 ZLATE MORAVCE 1.11 1.11 2.02 1.78 2.30 5.50 1.62 2.65 5.25 - - - - - - - - - 5.25 1.01 2.45 1.35 1.52 1.90 5.25 1.90 1.90 1.48 2.10
USA 12:00 1671 1 MONTREAL 1.70 3.40 4.00 CINCINNATI 1.13 1.19 1.84 2.20 2.15 4.30 2.02 2.45 4.00 2.65 4.60 21.00 14.00 5.50 15.00 38.00 9.25 6.75 3.90 1.12 1.92 1.58 1.32 2.50 3.90 1.85 2.50 1.55 1.95
POL2 12:08 674 3 LKS LODZ 1.60 3.90 3.90 GORNIK LECZNA 1.13 1.13 1.95 - - - - - - - - - - - - - - - - - - - - - - - - - -
BLR 12:30 675 3 ENERGETIK BGU 2.12 3.15 2.80 SLUTSK 1.27 1.21 1.48 2.70 1.90 3.45 2.45 2.20 3.15 - - - - - - - - - 3.50 1.12 1.82 1.68 1.20 2.85 3.50 1.62 2.85 1.55 1.95
CRO 12:30 676 3 DINAMO ZAGREB 1.28 4.60 6.50 HNK SIBENIK - 1.07 2.69 1.68 2.40 6.00 1.52 2.85 5.75 1.85 4.00 18.00 16.00 7.50 18.00 45.00 15.00 11.00 4.60 1.04 2.25 1.42 1.40 2.15 4.60 1.95 2.15 1.65 1.85
INCH 12:30 1659 1 SWANSEA 2.70 3.05 2.60 BARNSLEY 1.43 1.32 1.40 3.20 1.95 3.35 2.90 2.20 3.05 4.25 5.75 25.00 15.00 4.25 15.00 25.00 6.00 4.40 2.85 1.25 1.60 2.05 1.15 3.50 2.85 1.85 3.50 1.70 1.80
POL2 12:45 677 3 ODRA OPOLE 3.00 3.00 2.15 MIEDZ LEGNICA 1.50 1.25 1.25 3.70 1.88 2.85 3.40 2.15 2.55 5.00 7.00 28.00 15.00 4.25 15.00 25.00 5.25 3.60 2.70 1.28 1.45 2.15 1.10 4.00 2.70 1.72 4.00 1.85 1.65
BEL 13:00 680 1 MECHELEN 3.10 3.50 1.90 GENT 1.64 1.18 1.23 3.45 2.20 2.45 3.25 2.50 2.25 5.00 7.50 28.00 14.00 5.50 14.00 23.00 5.25 3.10 4.50 1.08 2.15 1.45 1.42 2.25 4.50 1.85 2.25 1.40 2.30
BEL 13:00 681 1 STANDARD LIEGE 2.12 3.60 2.65 OOSTANDE 1.33 1.18 1.53 2.60 2.25 3.10 2.40 2.55 2.90 3.45 5.75 22.00 13.00 5.75 13.00 25.00 7.00 4.40 5.25 1.04 2.45 1.35 1.55 1.95 5.25 2.00 1.95 1.32 2.50
ECU 13:00 687 3 ORENSE SC 2.85 3.10 2.10 UNIV CATOLICA (ECU) 1.48 1.21 1.25 3.60 1.95 2.60 3.30 2.20 2.35 5.00 7.00 28.00 14.00 4.40 14.00 25.00 4.90 3.25 3.20 1.15 1.70 1.80 1.18 3.00 3.20 1.65 3.00 1.60 1.90
GRC 13:00 1661 1 OLYMPIACOS 1.82 3.30 3.60 PAOK 1.17 1.21 1.72 2.45 2.00 4.10 2.25 2.30 3.80 3.00 4.75 23.00 14.00 5.00 15.00 32.00 8.00 6.00 2.85 1.25 1.58 1.92 1.15 3.50 2.85 1.78 3.50 1.82 1.68
TUR2 13:00 690 3 SAMSUNSPOR 1.43 3.90 5.25 ALTINORDU 1.05 1.12 2.24 2.00 2.15 4.60 1.85 2.50 4.25 - - - - - - - - - 3.75 1.10 1.90 1.60 1.28 2.50 3.75 1.72 2.50 1.60 1.90
URU 13:00 691 3 ATL FENIX 3.10 3.10 1.95 PENAROL 1.55 1.20 1.20 3.60 2.00 2.50 3.35 2.25 2.30 5.25 7.25 28.00 14.00 4.60 14.00 25.00 4.90 3.10 3.50 1.12 1.80 1.70 1.22 2.75 3.50 1.65 2.75 1.55 1.95
PER 13:15 392 1 UTC 1.75 3.40 3.80 ALIANZA ATLETICO 1.16 1.20 1.79 2.35 2.12 4.40 2.05 2.30 3.90 2.85 4.75 23.00 15.00 5.50 16.00 35.00 9.25 6.75 3.40 1.22 1.78 1.78 1.28 3.00 3.40 1.80 3.00 1.65 1.85
PER 13:30 386 1 U. CESAR VALLEJO 2.10 3.30 2.90 SPORTING CRISTAL 1.28 1.22 1.54 2.75 2.08 3.60 2.40 2.25 3.15 3.50 5.50 25.00 15.00 5.25 15.00 30.00 7.25 5.00 3.20 1.25 1.70 1.88 1.22 3.40 3.20 1.75 3.40 1.68 1.82
ITA 13:45 226 1 CAGLIARI 2.02 3.20 3.30 GENOVA 1.24 1.25 1.62 2.55 2.15 3.70 2.30 2.45 3.45 3.25 5.00 23.00 13.00 4.90 14.00 28.00 7.50 5.50 4.50 1.08 2.10 1.48 1.42 2.25 4.50 1.95 2.25 1.38 2.35
ITA 13:45 224 1 CROTONE 3.35 3.75 1.85 FIORENTINA 1.77 1.19 1.24 3.70 2.35 2.30 3.45 2.70 2.12 5.50 8.25 30.00 14.00 6.25 14.00 20.00 5.00 2.75 5.25 1.04 2.45 1.35 1.55 1.95 5.25 2.10 1.95 1.35 2.45
ITA 13:45 222 1 SAMPDORIA 1.70 3.90 3.70 PARMA 1.18 1.16 1.90 2.18 2.40 3.90 2.00 2.75 3.70 2.55 4.90 18.00 14.00 6.75 14.00 30.00 9.25 6.00 5.25 1.04 2.45 1.35 1.52 2.00 5.25 2.05 2.00 1.38 2.35
CHI 14:30 701 3 NUBLENSE 1.88 3.10 3.35 CURICO 1.17 1.20 1.61 2.55 1.95 3.60 2.30 2.25 3.35 3.25 4.90 25.00 14.00 4.40 14.00 28.00 7.25 5.50 3.75 1.10 1.85 1.65 1.25 2.60 3.75 1.80 2.60 1.52 2.00
USA 14:30 1672 1 PORTLAND 1.75 3.45 3.75 LOS ANGELES 1.16 1.19 1.80 2.25 2.18 4.10 2.05 2.50 3.90 2.80 4.60 21.00 14.00 5.00 14.00 32.00 9.00 7.00 5.00 1.05 2.30 1.40 1.50 2.05 5.00 1.95 2.05 1.35 2.45
URU 15:15 723 3 CERRO LARGO 1.65 3.20 4.00 CERRITO CS 1.09 1.17 1.78 2.20 2.00 4.40 2.00 2.35 4.10 2.60 4.25 22.00 14.00 4.75 15.00 32.00 9.00 7.00 3.75 1.10 1.85 1.65 1.25 2.60 3.75 1.68 2.60 1.58 1.92
ECU 15:30 724 3 INDEP. JOSE TERAN 1.28 4.60 6.50 GUAYAQUIL CITY - 1.07 2.69 1.68 2.30 7.00 1.52 2.70 6.75 1.85 3.75 20.00 17.00 5.75 19.00 50.00 16.00 15.00 5.00 1.02 2.30 1.40 1.48 2.00 5.00 1.80 2.00 1.60 1.90
VEN 16:00 726 3 ZAMORA 2.35 3.00 2.25 DEPOR TACHIRA 1.32 1.15 1.29 2.95 2.00 2.85 2.75 2.30 2.65 3.90 6.00 25.00 14.00 4.75 14.00 25.00 5.75 3.75 3.75 1.10 1.80 1.55 1.25 2.60 3.75 1.68 2.60 1.48 2.10
PAR 16:45 727 3 LIBERTAD 1.40 3.50 6.00 SOL DE AMERICA - 1.14 2.21 1.90 2.10 6.00 1.70 2.45 5.50 2.10 3.75 21.00 16.00 5.00 17.00 38.00 12.50 11.00 3.75 1.10 1.90 1.60 1.28 2.50 3.75 1.72 2.50 1.70 1.80
ARG 17:00 398 1 INDEPENDIENTE 2.55 2.95 2.50 COLON SANTA FE 1.37 1.26 1.35 3.10 1.88 3.40 2.80 2.15 3.05 4.10 5.75 25.00 15.00 4.40 15.00 28.00 6.25 4.50 2.50 1.32 1.48 2.10 1.10 4.00 2.50 1.80 4.00 1.88 1.62
CHI 17:00 728 2 SANTIAGO WANDERERS 2.65 3.00 2.30 O HIGGINS 1.41 1.23 1.30 3.10 1.90 3.05 2.80 2.15 2.75 4.10 6.00 25.00 14.00 4.40 14.00 25.00 5.75 4.00 2.85 1.20 1.62 1.88 1.12 3.50 2.85 1.78 3.50 1.70 1.80
USA 17:00 1673 1 CHICAGO 2.30 3.30 2.55 INTER MIAMI CF 1.36 1.21 1.44 2.90 2.15 3.00 2.65 2.45 2.75 3.75 6.00 25.00 14.00 5.25 14.00 28.00 6.25 4.00 4.00 1.10 2.00 1.52 1.32 2.50 4.00 1.80 2.50 1.45 2.15
ECU 18:00 731 3 MUSHUC RUNA SC 2.35 2.90 2.65 EMELEC 1.30 1.25 1.38 3.25 1.85 3.05 2.95 2.10 2.75 4.75 6.00 25.00 13.00 3.60 13.00 25.00 5.50 4.40 3.75 1.10 1.85 1.65 1.25 2.60 3.75 1.68 2.60 1.45 2.15
USA 18:00 1674 1 ORLANDO CITY 1.75 3.50 3.70 TORONTO 1.17 1.19 1.80 2.18 2.25 4.10 1.98 2.55 3.90 2.60 4.75 20.00 14.00 6.00 15.00 35.00 9.25 6.25 4.00 1.10 1.95 1.55 1.35 2.45 4.00 1.85 2.45 1.50 2.05
VEN 18:15 736 3 DEPOR LARA 2.45 2.70 2.35 DEPOR LA GUAIRA 1.28 1.20 1.26 3.15 1.85 3.05 2.85 2.15 2.75 4.25 5.75 25.00 14.00 4.00 14.00 25.00 5.50 4.10 3.20 1.15 1.60 1.75 1.18 3.00 3.20 1.65 3.00 1.60 1.90
USA 18:30 1675 1 NEW YORK CITY 1.57 3.50 4.70 COLUMBUS 1.08 1.18 2.01 2.05 2.18 4.90 1.85 2.55 4.60 2.35 4.25 22.00 15.00 5.50 16.00 40.00 11.00 8.25 4.00 1.10 1.88 1.62 1.32 2.50 4.00 1.80 2.50 1.58 1.92
USA 19:00 1677 1 DALLAS 1.85 3.40 3.40 SALT LAKE 1.20 1.20 1.70 2.40 2.12 3.80 2.18 2.45 3.60 2.90 4.90 22.00 14.00 5.25 14.00 32.00 8.00 5.75 3.90 1.12 1.85 1.65 1.30 2.60 3.90 1.78 2.60 1.52 2.00
USA 19:00 1676 1 NEW ENGLAND 1.72 3.45 3.90 NEW YORK 1.15 1.19 1.83 2.35 2.10 4.10 2.12 2.40 3.80 2.80 4.75 23.00 14.00 5.25 15.00 32.00 8.50 6.25 3.90 1.12 1.90 1.60 1.28 2.70 3.90 1.75 2.70 1.55 1.95
BRCA 19:05 739 3 FLAMENGO 1.30 4.00 7.25 FLUMINENSE - 1.10 2.58 1.78 2.05 7.25 1.60 2.45 6.75 1.95 3.60 20.00 17.00 5.75 18.00 38.00 15.00 12.50 2.75 1.22 1.55 1.95 1.10 3.75 2.75 1.62 3.75 2.30 1.40
CHI 19:30 740 2 UNION ESPANOLA 3.20 3.00 2.00 U. CATOLICA 1.55 1.23 1.20 3.10 2.00 2.85 2.80 2.25 2.60 4.00 6.25 28.00 14.00 5.00 14.00 25.00 5.75 3.60 3.00 1.18 1.78 1.72 1.15 3.20 3.00 1.80 3.20 1.68 1.82
MEXP 20:00 742 1 CRUZ AZUL 1.75 3.15 4.10 PACHUCA 1.13 1.23 1.78 2.25 2.00 4.90 2.02 2.30 4.50 2.60 4.25 23.00 15.00 4.90 16.00 40.00 9.75 7.75 3.00 1.22 1.52 2.00 1.15 3.50 3.00 1.72 3.50 1.82 1.68
USA 20:00 1678 1 HOUSTON 1.48 4.00 4.80 VANCOUVER 1.08 1.13 2.18 1.95 2.35 4.90 1.78 2.70 4.60 2.20 4.40 19.00 15.00 6.75 16.00 40.00 11.50 8.25 4.50 1.08 2.10 1.48 1.40 2.30 4.50 1.85 2.30 1.55 1.95
USA 21:00 1679 1 SAN JOSE 2.30 3.35 2.50 KANSAS 1.36 1.20 1.43 2.80 2.18 3.00 2.60 2.50 2.75 3.75 6.00 25.00 14.00 5.50 14.00 28.00 6.25 4.10 4.50 1.08 2.10 1.48 1.40 2.30 4.50 1.85 2.30 1.40 2.30
USA 21:30 1680 1 LOS ANGELES FC 1.60 3.60 4.40 COLORADO 1.11 1.17 1.98 2.15 2.25 4.25 1.95 2.55 4.00 2.60 4.60 20.00 14.00 5.25 15.00 38.00 9.50 7.25 5.50 1.03 2.45 1.35 1.58 1.92 5.50 2.00 1.90 1.32 2.50
