INCH 09:00 1547 1 BRENTFORD 1.81 3.20 4.10 SWANSEA 1.16 1.26 1.80 2.65 1.95 4.20 2.40 2.20 3.90 3.20 4.75 25.00 15.00 4.50 15.00 28.00 7.75 6.00 2.60 1.30 1.45 2.15 1.10 4.00 2.60 1.85 4.00 1.88 1.62
USA 12:00 1548 1 CHICAGO 1.75 3.25 3.90 MONTREAL 1.14 1.21 1.77 2.35 2.18 3.80 2.12 2.50 3.50 2.80 4.90 22.00 14.00 6.00 14.00 32.00 8.25 5.50 3.50 1.15 1.92 1.58 1.28 2.70 3.50 1.85 2.70 1.58 1.92
USA 12:00 1549 1 NEW YORK 2.20 3.15 2.80 ORLANDO CITY 1.30 1.23 1.48 2.60 2.05 3.60 2.40 2.35 3.30 3.30 5.25 25.00 14.00 4.90 14.00 28.00 7.25 5.25 3.50 1.15 1.80 1.70 1.25 2.85 3.50 1.78 2.85 1.55 1.95
.30 4.10 3.05 4.75 23.00 15.00 4.90 16.00 35.00 8.75 6.75 3.00 1.28 1.60 2.20 1.20 3.60 3.00 1.75 3.60 1.90 1.80
CEU 14:00 200 1 MANCHESTER CITY 1.85 3.35 4.10 CHELSEA 1.19 1.27 1.84 2.45 1.98 4.40 2.25 2
USA 14:00 1550 1 CINCINNATI 3.50 3.35 1.85 NEW ENGLAND 1.71 1.21 1.19 3.90 2.25 2.25 3.70 2.60 2.05 5.75 8.75 32.00 14.00 6.50 14.00 21.00 4.90 2.65 3.90 1.12 1.88 1.62 1.30 2.60 3.90 1.78 2.60 1.55 1.95
USA 14:00 1551 1 COLUMBUS 1.98 3.25 3.20 TORONTO 1.23 1.22 1.61 2.45 2.08 3.80 2.25 2.40 3.50 3.00 5.00 23.00 14.00 5.50 14.00 32.00 7.75 5.25 3.10 1.20 1.78 1.72 1.18 3.30 3.10 1.75 3.30 1.68 1.82
USA 14:30 1552 1 ATLANTA UTD 2.08 3.25 2.95 NASHVILLE SC 1.27 1.22 1.55 2.45 2.02 4.10 2.20 2.30 3.75 3.00 4.75 23.00 14.00 4.90 15.00 32.00 8.00 6.00 3.10 1.20 1.65 1.85 1.18 3.30 3.10 1.75 3.30 1.68 1.82
USA 16:00 1553 1 LOS ANGELES FC 1.68 3.60 3.90 NEW YORK CITY 1.15 1.17 1.87 2.60 2.25 3.15 2.40 2.55 2.90 3.20 5.75 23.00 14.00 6.50 14.00 28.00 7.00 4.25 4.00 1.10 2.25 1.42 1.32 2.50 4.00 1.80 2.50 1.48 2.10
BRA 17:00 1554 1 BAHIA 2.02 3.20 3.30 SANTOS 1.24 1.25 1.62 2.40 2.05 4.40 2.18 2.35 4.10 2.85 4.60 23.00 14.00 4.90 15.00 32.00 8.75 6.50 3.10 1.20 1.65 1.85 1.18 3.30 3.10 1.80 3.30 1.72 1.78
BRA 17:00 1608 1 CUIABA 1.95 3.00 4.00 JUVENTUDE RS 1.18 1.31 1.71 2.60 1.90 4.60 2.30 2.18 4.20 3.15 4.60 25.00 15.00 4.10 16.00 28.00 8.25 7.00 2.85 1.25 1.50 2.05 1.12 3.90 2.85 1.75 3.90 1.82 1.68
USA 18:00 1556 1 LOS ANGELES 1.82 3.40 3.50 SAN JOSE 1.19 1.20 1.72 2.40 2.35 3.30 2.20 2.65 3.10 2.90 5.50 20.00 14.00 7.00 14.00 28.00 7.75 4.60 4.50 1.08 2.35 1.38 1.40 2.30 4.50 1.85 2.30 1.42 2.25
BRA 19:00 1557 1 SAO PAULO 1.78 3.50 4.30 FLUMINENSE 1.18 1.26 1.93 2.30 2.05 4.90 2.08 2.35 4.50 2.60 4.40 23.00 15.00 5.00 16.00 40.00 9.50 7.25 2.85 1.25 1.60 2.05 1.12 3.90 2.85 1.75 3.90 1.90 1.60
USA 19:00 1558 1 INTER MIAMI CF 1.63 3.50 4.20 DC UNITED 1.11 1.17 1.91 2.15 2.12 4.60 1.95 2.45 4.30 2.50 4.40 22.00 15.00 5.50 16.00 40.00 9.75 7.25 3.50 1.15 1.85 1.65 1.25 2.85 3.50 1.78 2.85 1.62 1.88
USA 19:30 1559 1 KANSAS 1.63 3.45 4.40 HOUSTON 1.11 1.19 1.93 2.12 2.18 4.60 1.92 2.50 4.30 2.50 4.40 22.00 15.00 5.25 16.00 40.00 10.00 7.75 4.50 1.08 2.10 1.48 1.42 2.25 4.50 1.85 2.25 1.45 2.15
USA 20:00 1560 1 COLORADO 1.75 3.60 3.60 DALLAS 1.18 1.18 1.80 2.35 2.25 3.70 2.15 2.55 3.45 2.80 5.00 21.00 14.00 6.25 14.00 30.00 8.25 5.25 4.00 1.10 2.10 1.48 1.32 2.50 4.00 1.80 2.50 1.50 2.05
USA 20:30 1561 1 SALT LAKE 1.98 3.35 3.10 MINNESOTA UTD 1.24 1.21 1.61 2.55 2.15 3.45 2.30 2.45 3.20 3.15 5.25 23.00 14.00 5.50 14.00 28.00 7.25 4.90 3.90 1.12 1.95 1.55 1.30 2.60 3.90 1.78 2.60 1.50 2.05
