BIH 08:00 693 3 FK TUZLA CITY 2.70 3.10 2.18 SARAJEVO 1.44 1.21 1.28 3.30 1.95 2.80 3.00 2.20 2.55 - - - - - - - - - 3.00 1.18 1.65 1.85 1.15 3.20 3.00 1.65 3.20 1.65 1.85
CRO 08:00 401 3 LOKOMOTIVA 2.35 2.75 2.75 SLAVEN BELUPO 1.27 1.27 1.38 2.95 1.80 3.50 2.65 2.05 3.20 4.10 5.25 25.00 14.00 3.60 14.00 25.00 6.25 5.25 3.20 1.15 1.72 1.78 1.18 3.00 3.20 1.80 3.00 1.58 1.92
ISR2 08:00 402 3 HAPOEL AFULA 1.92 3.35 3.05 HAPOEL ACRE 1.22 1.18 1.60 2.50 2.05 3.50 2.25 2.35 3.20 - - - - - - - - - 3.50 1.12 1.85 1.65 1.22 2.75 3.50 1.65 2.75 1.55 1.95
ISR2 08:00 403 3 HAPOEL KATAMON 1.63 3.30 4.25 HAPOEL RAMAT GAN 1.09 1.18 1.86 2.20 2.00 4.60 1.95 2.30 4.25 - - - - - - - - - 2.85 1.20 1.62 1.88 1.12 3.50 2.85 1.62 3.50 1.82 1.68
ISR2 08:00 404 3 HAPOEL NAZARETH 1.25 4.75 7.25 HAPOEL IKSAL IMAD - 1.07 2.87 1.68 2.35 6.25 1.52 2.80 6.00 - - - - - - - - - 4.25 1.06 2.10 1.48 1.35 2.25 4.25 1.75 2.25 1.72 1.78
ISR2 08:00 405 3 HAPOEL NIR RAMAT HASHARON 2.35 3.35 2.35 HAPOEL RISHON LETZION 1.38 1.18 1.38 2.90 2.05 2.90 2.65 2.35 2.65 - - - - - - - - - 3.75 1.10 1.88 1.62 1.25 2.60 3.75 1.68 2.60 1.50 2.05
ISR2 08:00 406 3 HAPOEL RAANANA 2.25 3.10 2.65 SC KFAR QASEM 1.30 1.22 1.43 2.75 1.95 3.30 2.50 2.25 3.00 - - - - - - - - - 3.00 1.18 1.65 1.85 1.15 3.20 3.00 1.65 3.20 1.65 1.85
ISR2 08:00 407 3 HAPOEL UMM AL FAHM 2.80 3.05 2.15 HAPOEL PETAH TIKVA 1.46 1.22 1.26 3.50 1.85 2.80 3.20 2.15 2.50 - - - - - - - - - 2.75 1.22 1.52 2.00 1.10 3.75 2.75 1.62 3.75 1.80 1.70
ISR2 08:00 408 3 MACCABI AKHI NAZERATH 1.95 3.10 3.15 HAPOEL KFAR SHALEM 1.20 1.20 1.56 2.55 1.90 3.75 2.35 2.20 3.45 - - - - - - - - - 2.75 1.22 1.55 1.95 1.10 3.75 2.75 1.62 3.75 1.80 1.70
ISR2 08:00 409 3 SEKTZIA NES TZIONA 1.81 3.35 3.30 BEITAR TEL AVIV 1.18 1.17 1.66 2.30 2.05 3.75 2.10 2.40 3.50 - - - - - - - - - 3.75 1.10 1.88 1.62 1.25 2.60 3.75 1.68 2.60 1.55 1.95
TUR2 08:00 412 3 BOLUSPOR 1.13 6.00 12.00 ESKISEHIRSPOR - 1.03 4.00 1.52 2.85 7.25 1.40 3.40 7.25 1.58 4.25 17.00 19.00 11.50 21.00 50.00 22.00 14.00 5.00 1.05 2.45 1.35 1.50 2.05 5.00 1.95 2.05 1.78 1.72
BUL 09:30 414 3 BEROE 1.92 2.95 3.45 ARDA KURDZHALI 1.16 1.23 1.59 2.55 1.85 4.10 2.30 2.10 3.75 - - - - - - - - - 2.60 1.25 1.48 2.10 1.08 4.00 2.60 1.62 4.00 1.85 1.65
BLR 10:00 415 3 FC SMORGON 6.00 4.00 1.37 NEMAN GRODNO 2.40 1.12 1.02 5.75 2.15 1.90 5.25 2.50 1.70 - - - - - - - - - 3.50 1.12 1.80 1.70 1.22 2.75 3.50 1.65 2.75 1.82 1.68
CYP 10:00 416 3 NEA SALAMIS 1.75 3.25 3.70 ERMIS ARADIPPOU 1.14 1.19 1.73 - - - - - - - - - - - - - - - - - - - - - - - - - -
POL2 10:00 419 3 ODRA OPOLE 2.20 2.80 3.15 PUSZCZA NIEPOLOMICE 1.23 1.30 1.48 2.95 1.82 3.90 2.65 2.08 3.50 3.75 5.25 25.00 15.00 4.10 15.00 28.00 6.75 5.25 2.35 1.38 1.42 2.25 1.06 4.75 2.35 1.78 4.75 1.95 1.55
RUS 10:00 420 3 AKHMAT GROZNY 1.08 6.75 20.00 TAMBOV - 1.02 5.05 1.40 2.75 14.50 1.28 3.40 13.50 1.48 3.75 19.00 25.00 8.75 28.00 80.00 40.00 32.00 4.50 1.08 2.10 1.48 1.40 2.30 4.50 1.85 2.30 2.50 1.32
CRO 10:05 421 3 HNK SIBENIK 2.20 2.90 2.85 ISTRA 1.25 1.24 1.44 2.80 1.90 3.40 2.55 2.15 3.10 3.75 5.25 25.00 14.00 4.25 14.00 28.00 6.50 4.90 3.20 1.15 1.65 1.85 1.18 3.00 3.20 1.80 3.00 1.60 1.90
FIN 10:30 422 3 KOTKA 5.00 3.60 1.48 HONKA 2.09 1.14 1.05 5.25 2.10 1.95 5.00 2.45 1.75 9.00 11.50 40.00 16.00 5.50 15.00 22.00 4.00 2.20 3.50 1.12 1.72 1.78 1.22 2.75 3.50 1.80 2.75 1.78 1.72
FIN 10:30 423 3 SEINAJOEN JK 1.90 3.10 3.30 HIFK 1.18 1.21 1.60 2.30 2.05 4.00 2.10 2.35 3.60 2.75 4.60 22.00 14.00 5.25 14.00 32.00 8.25 5.75 3.20 1.15 1.58 1.92 1.18 3.00 3.20 1.80 3.00 1.65 1.85
POL2 10:40 424 3 ZAGLEBIE SOSNOWIEC 3.25 3.25 1.95 RADOMIAK RADOM 1.63 1.22 1.22 3.90 1.98 2.60 3.60 2.25 2.35 5.50 7.50 28.00 15.00 4.75 15.00 25.00 5.00 3.20 2.85 1.25 1.55 1.95 1.12 3.90 2.85 1.68 3.90 1.82 1.68
CZE 11:00 425 3 JABLONEC 1.30 4.60 7.00 TEPLICE 1.01 1.10 2.78 1.72 2.45 6.25 1.57 2.90 6.00 1.90 4.10 19.00 17.00 7.50 18.00 50.00 16.00 11.50 4.50 1.08 2.15 1.45 1.40 2.30 4.50 1.85 2.30 1.68 1.82
PER 11:00 320 1 DEPOR. CANTOLAO 3.50 3.20 1.90 SPORT BOYS 1.67 1.23 1.19 4.10 2.08 2.55 3.60 2.25 2.20 6.25 8.25 30.00 15.00 5.00 15.00 25.00 5.00 3.15 3.60 1.20 1.78 1.78 1.28 3.00 3.60 1.75 3.00 1.72 2.00
POL 11:00 429 3 GORNIK ZABRZE 1.90 3.20 3.20 JAGELLONIA 1.19 1.19 1.60 2.45 2.00 3.75 2.20 2.30 3.40 3.05 4.90 25.00 14.00 4.75 14.00 28.00 7.50 5.50 3.50 1.12 1.80 1.70 1.22 2.75 3.50 1.80 2.75 1.58 1.92
POL2 11:00 430 3 GKS TYCHY 2.25 3.05 2.80 GORNIK LECZNA 1.29 1.25 1.46 2.95 1.90 3.50 2.65 2.18 3.20 3.90 5.50 25.00 14.00 4.50 14.00 28.00 6.50 4.75 2.70 1.28 1.48 2.10 1.10 4.00 2.70 1.72 4.00 1.82 1.68
AUT2 11:10 431 3 BLAU-WEISS LINZ 1.47 3.90 4.75 LAFNITZ 1.07 1.12 2.14 1.95 2.25 4.50 1.78 2.60 4.25 2.20 4.40 19.00 15.00 6.25 16.00 40.00 10.50 7.50 4.50 1.05 2.05 1.50 1.38 2.20 4.50 1.90 2.20 1.52 2.00
AL2 11:30 432 1 HANNOVER 2.15 3.40 2.70 DARMSTADT 1.32 1.20 1.50 2.60 2.20 3.20 2.40 2.50 3.00 3.40 5.50 23.00 13.00 5.50 14.00 28.00 6.75 4.50 4.75 1.06 2.35 1.38 1.45 2.15 4.75 1.90 2.15 1.38 2.35
AL2 11:30 433 1 HOLSTEIN KIEL 2.30 3.25 2.60 ST. PAULI 1.35 1.22 1.44 2.50 2.15 3.50 2.30 2.45 3.25 3.10 5.25 23.00 14.00 5.50 14.00 28.00 7.50 5.00 3.90 1.12 2.05 1.50 1.32 2.50 3.90 1.85 2.50 1.50 2.05
AUT2 11:30 434 3 FAC TEAM FUR WIEN 1.68 3.60 3.70 SV HORN 1.15 1.16 1.82 2.05 2.25 4.10 1.90 2.60 3.90 2.40 4.60 19.00 14.00 6.25 15.00 35.00 9.50 6.50 4.50 1.05 2.10 1.48 1.35 2.25 4.50 1.85 2.25 1.48 2.10
AUT2 11:30 435 3 KAPFENBERG 2.12 3.40 2.60 RAPID WIEN (AM) 1.31 1.17 1.47 2.60 2.10 3.15 2.35 2.40 2.90 3.25 5.50 23.00 13.00 5.50 14.00 28.00 6.75 4.25 4.00 1.08 1.92 1.58 1.28 2.50 4.00 1.80 2.50 1.48 2.10
AUT2 11:30 436 3 VORWARTS STEYR 5.40 4.25 1.37 LIEFERING 2.38 1.09 1.04 5.00 2.30 1.85 4.75 2.70 1.68 8.50 12.00 40.00 16.00 6.50 15.00 18.00 4.25 2.10 4.60 1.04 2.25 1.42 1.40 2.15 4.60 1.95 2.15 1.52 2.00
DEN2 11:30 437 3 FREDERICIA 1.82 3.50 3.40 HB KOGE 1.20 1.19 1.72 2.35 2.18 3.90 2.12 2.50 3.60 2.80 4.90 22.00 14.00 5.50 14.00 32.00 8.25 5.75 4.00 1.10 1.92 1.58 1.35 2.45 4.00 1.85 2.45 1.48 2.10
IRL 11:45 476 3 DERRY CITY 1.85 3.10 3.50 LONGFORD 1.16 1.21 1.64 2.55 1.90 3.75 2.30 2.20 3.50 3.10 4.90 25.00 14.00 4.75 14.00 28.00 7.50 5.25 2.75 1.22 1.50 2.05 1.10 3.75 2.75 1.75 3.75 1.82 1.68
BLR 12:00 439 3 GOMEL 1.57 3.50 4.40 SLUTSK 1.08 1.16 1.95 2.10 2.05 4.60 1.90 2.35 4.40 - - - - - - - - - 3.50 1.12 1.80 1.70 1.20 2.85 3.50 1.62 2.85 1.68 1.82
BUL 12:00 440 3 CSKA 1948 11.50 5.00 1.15 CSKA SOFIA 3.48 1.05 - 9.25 2.30 1.58 8.75 2.75 1.42 - - - - - - - - - 3.50 1.12 1.85 1.65 1.22 2.75 3.50 1.65 2.75 2.25 1.42
CYP 12:00 441 2 DOXA KATOKOPIAS 2.45 2.90 2.50 ETHNIKOS ACHNAS 1.33 1.24 1.34 - - - - - - - - - - - - - - - - - - - - - - - - - -
DEN 12:00 442 2 ODENSE 2.70 3.25 2.25 AALBORG 1.47 1.23 1.33 3.15 2.05 2.90 2.90 2.35 2.65 4.25 6.25 28.00 14.00 4.90 14.00 25.00 5.75 3.90 3.50 1.15 1.80 1.70 1.25 2.85 3.50 1.78 2.85 1.55 1.95
DEN2 12:00 443 3 HELSINGOR 3.30 3.45 1.85 VIBORG 1.69 1.19 1.20 3.50 2.18 2.45 3.25 2.50 2.25 5.00 7.50 28.00 14.00 5.50 14.00 23.00 5.25 3.05 4.50 1.08 2.10 1.48 1.38 2.35 4.50 1.80 2.35 1.45 2.15
DK3B 12:00 444 3 ROSKILDE 2.12 3.05 2.85 VANLOSE 1.25 1.22 1.47 2.70 1.95 3.40 2.45 2.20 3.15 - - - - - - - - - 3.20 1.15 1.65 1.85 1.15 3.20 3.20 1.60 3.20 1.62 1.88
RUS 12:00 445 3 PFC SOCHI 1.37 4.00 6.50 ROTOR VOLGOGRAD 1.02 1.13 2.48 1.88 2.18 6.25 1.70 2.55 5.90 2.10 4.00 21.00 16.00 6.00 17.00 40.00 14.00 11.00 3.30 1.18 1.80 1.70 1.22 3.00 3.30 1.78 3.00 1.92 1.58
SUI2 12:00 446 3 CHIASSO 2.18 3.45 2.50 WINTERTHUR 1.34 1.16 1.45 3.00 2.10 2.75 2.75 2.40 2.50 4.00 6.25 28.00 13.00 5.25 13.00 25.00 5.50 3.50 4.00 1.08 1.95 1.55 1.30 2.40 4.00 1.72 2.40 1.45 2.15
SUI2 12:00 1320 3 KRIENS 3.05 3.20 1.95 THUN 1.56 1.19 1.21 3.50 2.00 2.50 3.25 2.30 2.25 5.00 7.00 28.00 14.00 4.75 14.00 25.00 4.90 3.05 3.75 1.10 1.88 1.62 1.25 2.60 3.75 1.68 2.60 1.52 2.00
UAE 12:00 448 3 AJMAN 4.70 4.10 1.43 SHARJAH 2.19 1.10 1.06 4.90 2.35 1.80 4.60 2.75 1.65 - - - - - - - - - 4.75 1.03 2.35 1.38 1.42 2.10 4.75 1.78 2.10 1.52 2.00
UAE 12:00 449 3 AL KHALEEJ KHOR FAKKAN 2.25 3.70 2.35 AHLI AL-FUJIRAH 1.40 1.15 1.44 2.70 2.25 2.75 2.50 2.55 2.60 - - - - - - - - - 4.50 1.05 2.25 1.42 1.38 2.20 4.50 1.75 2.20 1.40 2.30
UAE 12:00 450 3 HATTA 4.30 4.00 1.48 ITTIHAD KALBA 2.07 1.10 1.08 4.40 2.35 1.90 4.25 2.75 1.72 - - - - - - - - - 4.75 1.03 2.35 1.38 1.45 2.05 4.75 1.80 2.05 1.45 2.15
CRO 12:10 451 3 GORICA 3.20 3.05 1.95 OSIJEK 1.56 1.21 1.19 3.75 1.90 2.50 3.50 2.20 2.30 5.75 7.50 28.00 15.00 4.25 14.00 25.00 4.75 3.20 3.50 1.12 1.78 1.72 1.20 2.85 3.50 1.78 2.85 1.58 1.92
TUR2 12:30 452 3 AKHISAR BELEDIYE 2.70 3.20 2.25 UMRANIYESPOR 1.46 1.23 1.32 3.30 2.00 2.85 3.05 2.30 2.60 4.40 6.50 28.00 14.00 4.90 14.00 25.00 5.50 3.75 3.10 1.20 1.68 1.82 1.20 3.10 3.10 1.80 3.10 1.62 1.88
HOL 13:00 453 1 SPARTA ROT. 2.75 3.25 2.18 VITESSE 1.49 1.22 1.30 3.60 2.18 2.40 3.40 2.50 2.20 5.25 7.75 28.00 14.00 5.50 14.00 23.00 5.00 2.95 4.00 1.10 1.90 1.60 1.35 2.45 4.00 1.85 2.45 1.45 2.15
HOL2 13:00 454 3 DEN BOSCH 2.50 3.30 2.25 TELSTAR 1.42 1.18 1.34 2.90 2.15 2.75 2.70 2.45 2.50 3.90 6.25 25.00 13.00 5.25 13.00 25.00 5.75 3.60 4.50 1.05 2.25 1.42 1.35 2.25 4.50 1.85 2.25 1.40 2.30
HOL2 13:00 455 3 DORDRECHT 8.25 6.00 1.15 CAMBUUR 3.47 1.01 - 6.75 2.90 1.45 6.75 3.45 1.35 14.00 21.00 50.00 21.00 10.50 19.00 16.00 4.25 1.55 5.25 1.01 3.30 1.18 1.85 1.55 5.25 2.75 1.55 1.48 2.10
HOL2 13:00 456 3 GO AHEAD EAGLES 1.85 3.40 3.20 NEC 1.20 1.17 1.65 2.30 2.10 3.60 2.10 2.45 3.35 2.85 4.90 21.00 13.00 5.75 14.00 30.00 7.75 5.25 3.75 1.10 1.88 1.62 1.28 2.50 3.75 1.90 2.50 1.52 2.00
HOL2 13:00 457 3 HELMOND SPORT 2.25 3.30 2.50 OSS 1.34 1.18 1.42 2.85 1.95 3.15 2.60 2.25 2.85 3.75 5.50 25.00 14.00 4.75 14.00 28.00 6.25 4.25 3.20 1.15 1.82 1.68 1.18 3.00 3.20 1.80 3.00 1.62 1.88
HOL2 13:00 458 3 JONG AJAX 3.60 3.70 1.65 DE GRAAFSCHAP 1.82 1.13 1.14 3.75 2.30 2.10 3.50 2.60 1.95 5.75 8.75 32.00 14.00 6.00 14.00 19.00 4.75 2.55 5.25 1.01 2.45 1.35 1.52 1.90 5.25 2.05 1.90 1.35 2.45
HOL2 13:00 459 3 JONG ALKMAAR 2.55 3.70 2.05 EXCELSIOR 1.51 1.14 1.32 2.90 2.35 2.45 2.75 2.65 2.30 4.00 7.00 25.00 14.00 6.50 13.00 21.00 5.75 3.10 5.25 1.01 2.70 1.28 1.60 1.80 5.25 2.20 1.80 1.28 2.70
HOL2 13:00 460 3 JONG PSV 3.50 3.70 1.68 VOLENDAM 1.80 1.14 1.16 3.90 2.25 2.10 3.75 2.60 1.90 6.25 9.00 32.00 14.00 6.00 14.00 19.00 4.75 2.50 5.25 1.01 2.35 1.38 1.50 1.95 5.25 2.00 1.95 1.38 2.35
HOL2 13:00 461 3 JONG UTRECHT 4.40 4.10 1.45 ALMERE CITY 2.12 1.09 1.07 4.50 2.45 1.80 4.40 2.85 1.68 7.75 11.50 35.00 15.00 7.25 15.00 17.00 4.50 2.05 5.25 1.01 2.45 1.35 1.55 1.85 5.25 2.15 1.85 1.40 2.30
HOL2 13:00 462 3 NAC BREDA 1.42 4.10 5.00 MAASTRICHT 1.05 1.11 2.25 1.90 2.20 5.00 1.72 2.60 4.75 2.15 4.10 19.00 15.00 6.25 16.00 40.00 11.50 8.75 4.25 1.06 2.10 1.48 1.32 2.35 4.25 1.85 2.35 1.60 1.90
HOL2 13:00 463 3 RODA 1.38 4.00 5.40 FC EINDHOVEN 1.03 1.10 2.30 1.80 2.25 5.25 1.65 2.65 5.00 2.05 4.10 18.00 15.00 6.50 16.00 40.00 12.50 9.25 4.25 1.06 2.05 1.50 1.32 2.35 4.25 1.85 2.35 1.62 1.88
HUN 13:00 464 3 MEZOKOVESD-ZSORY 2.18 3.15 2.70 MTK 1.29 1.21 1.45 2.75 1.95 3.25 2.50 2.25 2.95 - - - - - - - - - 3.50 1.12 1.80 1.70 1.22 2.75 3.50 1.65 2.75 1.55 1.95
ISL 13:00 465 3 KR REYKJAVIK 1.67 3.35 4.00 KA AKUREYRI 1.11 1.18 1.82 2.20 2.05 4.10 2.00 2.35 3.90 2.65 4.50 22.00 14.00 5.25 15.00 32.00 8.75 6.25 3.50 1.12 1.85 1.65 1.25 2.60 3.50 1.90 2.60 1.60 1.90
POR 13:00 468 1 FAMALICAO 2.12 3.10 2.95 SANTA CLARA 1.26 1.23 1.51 2.75 1.95 3.70 2.45 2.25 3.35 3.50 5.25 25.00 14.00 4.50 15.00 28.00 7.00 5.25 3.10 1.20 1.65 1.85 1.18 3.30 3.10 1.75 3.30 1.65 1.85
SUI2 13:00 469 3 GRASSHOPPERS 1.88 3.35 3.15 FC STADE LS OUCHY 1.20 1.18 1.62 2.30 2.15 3.60 2.10 2.45 3.35 2.80 4.75 21.00 13.00 5.25 14.00 30.00 7.75 5.25 4.25 1.06 2.10 1.48 1.35 2.25 4.25 1.75 2.25 1.45 2.15
SUI2 13:00 470 3 NEUCHATEL XAMAX 2.12 3.15 2.75 WIL 1.27 1.20 1.47 2.55 2.05 3.35 2.35 2.35 3.10 3.20 5.00 25.00 13.00 5.00 14.00 28.00 6.75 4.60 3.75 1.10 1.85 1.65 1.28 2.50 3.75 1.72 2.50 1.50 2.05
PER 13:15 321 1 UTC 2.50 3.10 2.50 U. SAN MARTIN 1.38 1.25 1.38 3.20 2.00 3.20 2.80 2.15 2.80 4.25 6.25 28.00 15.00 4.75 15.00 28.00 6.25 4.25 3.00 1.28 1.65 1.93 1.20 3.60 3.00 1.75 3.60 1.80 1.90
AUT2 13:25 471 3 WACKER INNSBRUCK 1.58 3.70 4.00 GRAZER AK 1.11 1.13 1.92 2.05 2.25 4.10 1.85 2.60 3.90 2.40 4.60 19.00 14.00 6.25 15.00 35.00 9.50 6.50 4.60 1.04 2.15 1.45 1.40 2.15 4.60 1.95 2.15 1.45 2.15
ALE 13:30 240 1 STUTTGART 1.95 3.45 3.30 AUGSBURG 1.25 1.23 1.69 2.45 2.18 3.75 2.25 2.50 3.50 3.00 5.00 23.00 14.00 5.25 14.00 28.00 7.75 5.50 4.00 1.10 1.95 1.55 1.35 2.45 4.00 1.90 2.45 1.48 2.10
POL 13:30 472 3 ZAGLEBIE LUBIN 2.70 2.95 2.30 POGON SZCZECIN 1.41 1.24 1.29 3.30 1.90 2.90 3.00 2.15 2.60 4.50 6.25 28.00 14.00 4.25 14.00 25.00 5.50 3.90 3.00 1.18 1.65 1.85 1.15 3.20 3.00 1.80 3.20 1.62 1.88
KSA 13:40 473 3 AL SHABAB (RIYADH) 2.25 3.50 2.40 AL HILAL (RIYADH) 1.37 1.16 1.42 2.70 2.15 2.85 2.50 2.45 2.65 - - - - - - - - - 4.00 1.08 2.00 1.52 1.30 2.40 4.00 1.72 2.40 1.45 2.15
BEL 13:45 475 1 GENK 2.90 3.45 2.02 CLUB BRUGGE 1.58 1.19 1.27 3.40 2.15 2.55 3.15 2.45 2.35 5.00 7.25 28.00 14.00 5.00 14.00 23.00 5.25 3.30 4.75 1.06 2.00 1.52 1.45 2.15 4.75 1.90 2.15 1.38 2.35
IRL 13:45 477 3 DUNDALK 1.81 3.25 3.50 SLIGO ROVERS 1.16 1.19 1.69 2.65 1.90 3.60 2.40 2.15 3.35 3.35 5.00 25.00 14.00 4.40 15.00 28.00 7.00 5.25 2.75 1.22 1.60 1.90 1.12 3.50 2.75 1.80 3.50 1.75 1.75
KSA 13:50 482 3 AL TAAWON 1.53 3.90 4.20 AL AHLI (JEDDAH) 1.10 1.12 2.02 2.00 2.25 4.40 1.80 2.60 4.10 - - - - - - - - - 4.25 1.06 2.05 1.50 1.32 2.35 4.25 1.70 2.35 1.55 1.95
BHR 14:00 483 3 AL-MUHARRAQ SC 1.95 3.20 3.10 MANAMA CLUB 1.21 1.20 1.57 2.50 1.95 3.60 2.30 2.25 3.35 - - - - - - - - - 3.00 1.18 1.65 1.85 1.15 3.20 3.00 1.65 3.20 1.68 1.82
BOL 14:00 1349 2 REAL SANTA CRUZ 2.75 3.30 2.08 BLOOMING 1.50 1.18 1.28 3.15 2.10 2.55 2.95 2.45 2.35 4.40 6.75 28.00 14.00 5.00 13.00 23.00 5.25 3.20 4.60 1.04 2.15 1.45 1.38 2.20 4.60 1.72 2.20 1.38 2.35
ESP 14:00 211 1 REAL SOCIEDAD 1.50 3.60 5.75 ELCHE 1.06 1.19 2.21 2.02 2.10 6.25 1.82 2.45 5.75 2.25 4.00 23.00 16.00 5.25 17.00 40.00 12.50 10.50 3.10 1.20 1.62 1.88 1.18 3.30 3.10 1.80 3.30 1.92 1.58
ESP2 14:00 484 2 TENERIFE 2.95 2.60 2.45 ALMERIA 1.38 1.34 1.26 3.60 1.72 3.40 3.25 1.95 3.05 5.00 6.00 25.00 16.00 3.40 16.00 25.00 5.75 4.75 2.45 1.35 1.35 2.45 1.06 4.75 2.45 1.72 4.75 1.90 1.60
FRA 14:00 231 1 LENS 3.70 3.20 1.85 LILLE 1.72 1.23 1.17 4.30 1.98 2.45 3.90 2.25 2.20 6.25 8.25 32.00 15.00 4.60 15.00 23.00 4.60 2.95 3.00 1.22 1.60 1.90 1.15 3.50 3.00 1.72 3.50 1.78 1.72
INPL 14:00 201 1 LEICESTER 1.38 4.30 6.50 NEWCASTLE 1.04 1.14 2.59 1.88 2.30 6.25 1.70 2.70 5.75 2.05 4.10 20.00 16.00 6.50 17.00 40.00 14.00 10.50 3.90 1.12 1.90 1.60 1.28 2.70 3.90 1.80 2.70 1.80 1.70
KUW 14:00 1301 3 AL-SHABAB 4.80 4.00 1.45 AL KUWAIT SC 2.18 1.11 1.06 5.25 2.15 1.90 5.00 2.50 1.72 - - - - - - - - - 4.50 1.05 2.10 1.48 1.35 2.25 4.50 1.72 2.25 1.55 1.95
KUW 14:00 486 3 KHAITAN SC 9.75 5.60 1.15 AL QADSIA 3.56 1.03 - 7.25 2.70 1.50 7.25 3.25 1.38 - - - - - - - - - 5.25 1.01 2.45 1.35 1.50 1.95 5.25 1.85 1.95 1.72 1.78
UAE 14:00 487 3 AL DHAFRA 6.00 4.60 1.30 BANNI YAS 2.60 1.07 1.01 5.50 2.50 1.65 5.25 2.95 1.52 - - - - - - - - - 5.00 1.02 2.45 1.35 1.48 2.00 5.00 1.80 2.00 1.55 1.95
UAE 14:00 488 3 AL JAZEERA 1.35 4.30 5.40 AL AIN 1.03 1.08 2.39 1.80 2.35 4.75 1.68 2.75 4.60 - - - - - - - - - 4.60 1.04 2.15 1.45 1.42 2.10 4.60 1.80 2.10 1.52 2.00
UAE 14:00 489 3 AL WAHDA SCC (UAE) 2.80 3.45 1.98 AL NASR (DUBAI) 1.55 1.16 1.26 3.15 2.25 2.40 2.95 2.55 2.20 - - - - - - - - - 4.50 1.05 2.15 1.45 1.38 2.20 4.50 1.75 2.20 1.40 2.30
UAE 14:00 490 3 SHABAB AL AHLI DUBAI CLUB 1.37 4.30 5.25 AL WASL 1.04 1.09 2.36 1.72 2.40 5.50 1.58 2.80 5.25 - - - - - - - - - 5.25 1.01 2.45 1.35 1.52 1.90 5.25 1.90 1.90 1.48 2.10
JOR 14:30 491 3 AL JAZEERA(JOR) 1.22 4.50 9.00 AL-BAQAA - 1.07 3.00 1.62 2.30 8.00 1.48 2.70 7.50 - - - - - - - - - 3.20 1.15 1.75 1.75 1.18 3.00 3.20 1.65 3.00 2.25 1.42
POR 15:15 492 1 BOAVISTA 1.70 3.35 4.10 TONDELA 1.13 1.20 1.84 2.40 2.00 4.30 2.15 2.30 4.00 2.90 4.60 23.00 14.00 4.75 15.00 32.00 8.50 6.50 3.10 1.20 1.65 1.85 1.18 3.30 3.10 1.75 3.30 1.72 1.78
PER 15:30 322 1 ALIANZA LIMA 1.70 3.30 4.25 BINACIONAL 1.12 1.21 1.86 2.25 2.15 4.70 1.95 2.35 4.10 2.75 4.60 23.00 15.00 5.00 16.00 40.00 9.75 7.75 4.10 1.15 1.98 1.62 1.35 2.70 4.10 1.78 2.70 1.65 2.10
VEN 16:00 1351 3 CARACAS 1.75 3.10 3.90 MINEROS GUAYANA 1.12 1.21 1.73 2.30 1.90 4.50 2.05 2.20 4.10 2.70 4.25 22.00 14.00 4.50 15.00 32.00 8.50 6.75 2.85 1.20 1.58 1.92 1.12 3.50 2.85 1.62 3.50 1.82 1.68
VEN 18:15 495 2 MONAGAS 2.15 3.05 2.80 METROPOLITANOS 1.26 1.22 1.46 2.75 1.90 3.40 2.50 2.20 3.10 3.45 5.25 25.00 14.00 4.40 14.00 28.00 6.50 4.60 3.00 1.18 1.62 1.88 1.15 3.20 3.00 1.65 3.20 1.68 1.82
CHI 19:00 496 2 O HIGGINS 2.15 3.00 2.85 UNION ESPANOLA 1.25 1.23 1.46 2.70 1.95 3.40 2.45 2.20 3.10 3.45 5.25 25.00 14.00 4.60 14.00 28.00 6.50 4.75 3.00 1.18 1.65 1.85 1.15 3.20 3.00 1.80 3.20 1.65 1.85
CSA 19:00 1746 1 DEPORTES TOLIMA 2.40 2.75 2.70 EMELEC 1.28 1.27 1.36 3.10 1.75 3.40 2.80 2.00 3.05 4.10 5.50 25.00 14.00 4.00 15.00 25.00 6.00 4.50 2.25 1.35 1.35 2.45 1.03 4.75 2.25 1.85 4.75 1.95 1.55
ECU 19:00 497 3 DEPOR MACARA 1.72 3.15 4.00 DEPOR CUENCA 1.11 1.20 1.76 2.05 2.10 4.60 1.85 2.45 4.25 2.35 4.25 21.00 14.00 5.25 15.00 38.00 9.75 7.50 4.00 1.08 1.65 1.85 1.30 2.40 4.00 1.72 2.40 1.55 1.95
USA 20:30 261 1 SALT LAKE 1.82 3.60 3.30 SAN JOSE 1.21 1.17 1.72 2.65 2.12 3.35 2.40 2.45 3.10 3.35 5.50 25.00 14.00 5.25 14.00 28.00 7.00 4.75 4.00 1.10 2.10 1.48 1.35 2.45 4.00 1.85 2.45 1.45 2.15
