BLR 10:15 400 3 SHAKHTYOR SOLIGORSK 2.12 2.60 3.40 DINAMO MINSK 1.17 1.31 1.47 2.70 1.75 4.25 2.40 2.00 3.90 - - - - - - - - - 2.75 1.22 1.50 2.05 1.10 3.75 2.75 1.62 3.75 1.75 1.75
FIN2 10:30 402 3 PK-35 2.40 2.85 2.65 EKENAS 1.30 1.26 1.37 3.10 1.85 3.20 2.80 2.10 2.90 4.10 5.50 25.00 14.00 4.00 14.00 25.00 5.75 4.25 2.85 1.20 1.52 2.00 1.12 3.50 2.85 1.62 3.50 1.70 1.80
POL2 10:40 403 3 BELCHATOW 4.00 3.75 1.62 RADOMIAK RADOM 1.94 1.15 1.13 4.60 2.10 2.20 4.25 2.40 2.00 6.50 9.50 38.00 15.00 6.00 15.00 23.00 4.50 2.50 2.70 1.28 1.55 1.95 1.12 3.90 2.70 1.75 3.90 1.92 1.58
IRL 11:45 404 3 ST PATRICKS 2.08 3.00 3.00 BOHEMIAN 1.23 1.23 1.50 2.70 1.85 3.75 2.45 2.10 3.40 3.40 4.90 25.00 14.00 4.25 15.00 28.00 7.00 5.25 2.60 1.25 1.50 2.05 1.08 4.00 2.60 1.78 4.00 1.82 1.68
AUT 12:00 406 2 ADMIRA WM 4.40 3.90 1.53 ALTACH 2.07 1.14 1.10 4.60 2.25 2.05 4.30 2.60 1.88 7.25 10.50 40.00 16.00 6.25 15.00 21.00 4.50 2.35 3.90 1.12 1.92 1.58 1.30 2.60 3.90 1.78 2.60 1.60 1.90
AUT 12:00 407 3 RIED 3.75 3.60 1.70 AUSTRIA VIENNA 1.84 1.17 1.15 3.30 2.20 2.55 3.05 2.50 2.35 4.60 7.25 28.00 14.00 5.75 14.00 23.00 5.50 3.20 4.00 1.10 2.10 1.48 1.38 2.35 4.00 1.90 2.35 1.42 2.25
AUT 12:00 408 3 ST POLTEN 4.30 3.80 1.58 HARTBERG 2.02 1.16 1.12 3.90 2.25 2.20 3.70 2.60 2.02 6.00 8.75 32.00 15.00 6.00 14.00 21.00 4.90 2.65 4.50 1.08 2.15 1.45 1.38 2.35 4.50 1.80 2.35 1.45 2.15
BUL 12:00 409 3 MONTANA 1921 2.90 2.90 2.15 BOTEV VRATSA 1.45 1.23 1.23 3.90 1.85 2.65 3.50 2.10 2.40 - - - - - - - - - 2.35 1.32 1.42 2.25 1.04 4.60 2.35 1.65 4.60 1.95 1.55
BUL 12:00 410 3 SLAVIA SOFIA 1.90 3.10 3.35 ETAR 1924 1.18 1.21 1.61 2.30 1.95 4.25 2.10 2.20 4.00 - - - - - - - - - 2.85 1.20 1.60 1.90 1.12 3.50 2.85 1.62 3.50 1.80 1.70
DEN2 12:00 412 3 FREDERICIA 4.60 3.75 1.55 VIBORG 2.07 1.16 1.10 4.40 2.25 2.10 4.10 2.60 1.92 7.00 9.75 38.00 15.00 6.00 15.00 21.00 4.50 2.45 4.50 1.08 2.15 1.45 1.38 2.35 4.50 1.80 2.35 1.50 2.05
DEN2 12:00 413 3 HB KOGE 3.80 3.40 1.75 ESBJERG 1.79 1.20 1.16 4.10 2.10 2.35 3.80 2.40 2.12 6.25 8.50 32.00 15.00 5.25 14.00 23.00 4.75 2.80 3.90 1.12 1.88 1.62 1.28 2.70 3.90 1.75 2.70 1.55 1.95
DEN2 12:00 414 3 HELSINGOR 4.10 3.70 1.63 SILKEBORG 1.94 1.17 1.13 4.75 2.35 1.95 4.50 2.70 1.78 8.00 11.50 40.00 16.00 6.25 15.00 20.00 4.40 2.25 4.75 1.06 2.15 1.45 1.45 2.15 4.75 1.90 2.15 1.48 2.10
EGY 12:00 415 3 SMOUHA 1.82 2.55 4.80 EL ENTAG EL HARBY 1.06 1.32 1.67 2.75 1.65 4.90 2.40 1.90 4.40 - - - - - - - - - 2.60 1.25 1.40 2.30 1.08 4.00 2.60 1.62 4.00 1.82 1.68
SU3S 12:00 417 3 IFK MALMOE FK 1.85 3.35 3.25 LUNDS 1.19 1.18 1.65 2.35 2.05 3.75 2.15 2.35 3.45 - - - - - - - - - 3.50 1.12 1.85 1.65 1.22 2.75 3.50 1.65 2.75 1.58 1.92
BLR 12:10 421 3 SLAVIA MOZYR 4.25 3.35 1.63 GOMEL 1.87 1.18 1.10 4.40 1.95 2.25 4.10 2.25 2.05 - - - - - - - - - 3.00 1.18 1.58 1.92 1.12 3.50 3.00 1.58 3.50 1.80 1.70
ISL 13:00 422 3 KA AKUREYRI 2.35 3.10 2.50 VIKINGUR REYKJAVIK 1.34 1.21 1.38 2.70 2.05 3.15 2.45 2.30 2.90 3.45 5.50 25.00 14.00 5.00 14.00 28.00 6.50 4.40 3.50 1.12 1.88 1.62 1.22 2.75 3.50 1.80 2.75 1.55 1.95
ISL 13:00 423 3 KOPAVOGUR 1.81 3.40 3.35 AKRANES 1.18 1.18 1.69 2.35 2.05 3.60 2.15 2.35 3.40 2.95 4.90 23.00 14.00 5.25 14.00 28.00 7.75 5.50 3.75 1.10 1.92 1.58 1.28 2.50 3.75 1.90 2.50 1.52 2.00
ISL2 13:00 424 3 AFTURELDING 3.25 3.50 1.80 VESTMANNAEYJAR 1.69 1.16 1.19 3.60 2.15 2.30 3.40 2.45 2.10 - - - - - - - - - 4.00 1.08 2.00 1.52 1.32 2.35 4.00 1.75 2.35 1.48 2.10
ISL2 13:00 425 3 FRAM 1.38 4.25 5.25 THOR AKUREYRI 1.04 1.09 2.35 1.85 2.25 5.25 1.68 2.65 4.90 - - - - - - - - - 4.25 1.06 2.30 1.40 1.35 2.25 4.25 1.75 2.25 1.58 1.92
PER 13:15 387 1 CUSCO FC 1.80 3.40 3.60 BINACIONAL 1.18 1.20 1.75 2.40 2.18 4.10 2.05 2.35 3.60 2.95 5.00 23.00 15.00 5.50 15.00 35.00 8.75 6.25 4.10 1.15 1.93 1.65 1.35 2.70 4.10 1.78 2.70 1.55 1.95
ARG4 13:30 426 3 CDM LEANDRO N. ALEM 3.00 3.00 2.08 BERAZATEGUI 1.50 1.23 1.23 3.75 1.80 2.70 3.45 2.10 2.45 - - - - - - - - - 2.40 1.30 1.42 2.25 1.05 4.50 2.40 1.65 4.50 1.92 1.58
ARG4 13:30 711 3 CLAYPOLE 1.82 3.15 3.50 CLUB EL PORVENIR 1.15 1.20 1.66 2.45 1.90 4.10 2.20 2.15 3.75 - - - - - - - - - 2.60 1.25 1.50 2.05 1.08 4.00 2.60 1.62 4.00 1.88 1.62
ARG4 13:30 427 3 VICTORIANO ARENAS 2.30 2.90 2.70 FERROCARRIL MIDLAND 1.28 1.24 1.40 3.00 1.80 3.45 2.70 2.05 3.10 - - - - - - - - - 2.40 1.30 1.40 2.30 1.05 4.50 2.40 1.65 4.50 1.92 1.58
SUI 13:30 429 3 LAUSANNE 3.70 3.90 1.67 YOUNG BOYS 1.90 1.15 1.17 3.50 2.25 2.40 3.25 2.55 2.20 5.25 7.75 28.00 14.00 5.50 14.00 23.00 5.25 3.00 4.75 1.06 2.60 1.30 1.48 2.10 4.75 1.95 2.10 1.38 2.35
SUI 13:30 430 2 LUZERN 2.05 3.40 2.85 LUGANO 1.28 1.19 1.55 2.80 2.30 2.80 2.60 2.60 2.60 3.90 6.25 23.00 13.00 5.75 13.00 23.00 6.25 3.90 5.75 1.02 2.25 1.42 1.62 1.88 5.75 2.00 1.90 1.28 2.70
SUI 13:30 431 2 SERVETTE 1.85 3.70 3.15 ST GALLEN 1.23 1.17 1.70 2.70 2.25 2.95 2.50 2.55 2.75 3.60 6.00 23.00 13.00 5.75 13.00 25.00 6.50 4.10 5.00 1.05 2.60 1.30 1.50 2.05 5.00 1.95 2.05 1.32 2.50
SUI 13:30 432 2 SION 2.45 3.60 2.25 BASEL 1.46 1.17 1.38 2.70 2.25 3.00 2.50 2.55 2.80 3.50 6.00 23.00 13.00 6.00 13.00 25.00 6.50 4.10 4.75 1.06 2.45 1.35 1.45 2.15 4.75 1.90 2.15 1.35 2.45
SUI 13:30 433 2 ZURICH 2.70 3.35 2.18 VADUZ 1.50 1.21 1.32 2.90 2.15 2.95 2.70 2.45 2.70 3.90 6.00 25.00 14.00 5.25 14.00 25.00 6.25 4.00 4.00 1.10 1.95 1.55 1.35 2.45 4.00 1.85 2.45 1.42 2.25
SCHP 13:35 434 1 MORTON 1.85 3.25 3.50 AIRDRIEONIANS 1.18 1.21 1.69 2.45 2.02 4.10 2.20 2.35 3.75 3.00 4.75 23.00 14.00 4.90 15.00 32.00 8.25 6.00 3.30 1.18 1.78 1.72 1.22 3.00 3.30 1.78 3.00 1.62 1.88
FRPO 13:45 435 1 TOULOUSE 1.90 3.10 3.50 GRENOBLE 1.18 1.23 1.64 2.60 1.90 4.25 2.30 2.18 3.90 3.15 4.75 25.00 15.00 4.50 15.00 28.00 8.00 6.00 2.60 1.30 1.45 2.15 1.10 4.00 2.60 1.78 4.00 1.90 1.60
ING1 13:45 436 1 BLACKPOOL 2.18 3.10 2.90 OXFORD 1.28 1.24 1.50 2.80 1.98 3.50 2.55 2.25 3.20 3.60 5.25 25.00 14.00 4.60 15.00 28.00 6.75 4.75 3.00 1.22 1.62 1.88 1.18 3.30 3.00 1.78 3.30 1.68 1.82
IRL 13:45 437 3 DUNDALK 3.25 3.05 1.95 SHAMROCK ROVERS 1.57 1.22 1.19 4.25 1.90 2.40 3.90 2.20 2.15 6.25 8.25 32.00 15.00 4.60 14.00 22.00 4.50 2.90 2.75 1.22 1.55 1.95 1.12 3.50 2.75 1.80 3.50 1.82 1.68
IRL 13:45 438 3 FINN HARPS 2.35 2.90 2.60 DROGHEDA 1.30 1.23 1.37 3.00 1.85 3.25 2.75 2.10 2.95 4.00 5.50 25.00 14.00 4.25 14.00 25.00 6.00 4.40 2.75 1.22 1.52 2.00 1.10 3.75 2.75 1.75 3.75 1.78 1.72
IRL 13:45 439 3 SLIGO ROVERS 1.45 3.45 5.60 LONGFORD 1.02 1.15 2.13 1.95 2.00 6.25 1.75 2.30 5.75 2.20 3.90 22.00 16.00 5.00 17.00 40.00 13.00 10.50 2.75 1.22 1.52 2.00 1.10 3.75 2.75 1.75 3.75 2.05 1.50
IRL2 13:45 440 3 ATHLONE 1.72 3.45 3.60 COBH RAMBLERS 1.15 1.16 1.76 2.15 2.10 4.10 1.95 2.40 3.90 2.55 4.50 20.00 14.00 5.50 14.00 35.00 8.75 6.25 3.75 1.10 1.88 1.62 1.25 2.60 3.75 1.68 2.60 1.60 1.90
IRL2 13:45 441 3 CABINTEELY 2.25 3.15 2.55 TREATY UNITED 1.31 1.20 1.41 2.70 2.00 3.25 2.45 2.30 3.00 3.35 5.25 25.00 14.00 5.00 14.00 28.00 6.50 4.25 3.20 1.15 1.65 1.85 1.15 3.20 3.20 1.60 3.20 1.65 1.85
IRL2 13:45 442 3 CORK CITY 2.40 3.30 2.30 GALWAY UNITED FC 1.39 1.17 1.36 2.85 2.05 2.95 2.60 2.35 2.70 3.60 5.75 25.00 14.00 5.25 14.00 28.00 6.00 3.75 3.50 1.12 1.82 1.68 1.20 2.85 3.50 1.62 2.85 1.58 1.92
IRL2 13:45 443 3 SHELBOURNE 1.78 3.35 3.40 UCD 1.16 1.17 1.69 2.30 2.05 3.90 2.10 2.35 3.60 2.75 4.60 22.00 13.00 5.25 14.00 32.00 8.00 5.75 3.75 1.10 1.88 1.62 1.25 2.60 3.75 1.68 2.60 1.55 1.95
IRL2 13:45 444 3 WEXFORD 7.00 4.60 1.27 BRAY WANDERERS 2.78 1.07 - 6.25 2.40 1.65 6.00 2.80 1.52 11.50 16.00 50.00 19.00 7.25 17.00 20.00 3.90 1.75 4.25 1.06 2.10 1.48 1.35 2.25 4.25 1.75 2.25 1.72 1.78
EGY 14:00 446 3 ENPPI 2.45 2.35 3.20 WADI DEGLA 1.20 1.39 1.35 3.10 1.65 4.00 2.75 1.85 3.60 - - - - - - - - - 2.60 1.25 1.45 2.15 1.10 3.75 2.60 1.68 3.75 1.70 1.80
ESP 14:00 211 1 LEVANTE 1.68 3.80 3.90 CADIZ 1.16 1.17 1.92 2.15 2.35 4.20 1.98 2.70 3.90 2.50 4.75 20.00 14.00 6.25 15.00 35.00 9.50 6.50 4.50 1.08 2.15 1.45 1.42 2.25 4.50 1.95 2.25 1.45 2.15
ISL 14:15 449 3 BREIDABLIK 1.52 3.60 4.60 STJARNAN 1.07 1.14 2.02 1.95 2.25 4.50 1.78 2.60 4.25 2.20 4.40 19.00 15.00 6.25 16.00 40.00 10.50 7.50 4.50 1.05 2.15 1.45 1.38 2.20 4.50 1.90 2.20 1.50 2.05
ISL2 14:15 450 3 GRINDAVIK 3.00 3.60 1.88 FJOLNIR 1.64 1.16 1.24 3.00 2.15 2.65 2.75 2.45 2.45 - - - - - - - - - 4.00 1.08 2.10 1.48 1.32 2.35 4.00 1.75 2.35 1.45 2.15
ISL2 14:15 455 3 THROTTUR 3.00 3.70 1.85 SELFOSS 1.66 1.14 1.23 3.25 2.35 2.25 3.10 2.65 2.10 - - - - - - - - - 5.25 1.01 2.50 1.32 1.60 1.80 5.25 2.00 1.80 1.28 2.70
ISL2 14:15 456 3 VIKINGUR OLAFSVIK 3.35 3.60 1.75 KORDRENGIR 1.74 1.15 1.18 3.60 2.25 2.20 3.40 2.55 2.00 - - - - - - - - - 4.60 1.04 2.25 1.42 1.42 2.10 4.60 1.80 2.10 1.40 2.30
POR2 14:30 1457 3 FEIRENSE 1.57 3.45 4.40 PENAFIEL 1.08 1.16 1.93 2.10 2.05 4.60 1.90 2.35 4.25 2.45 4.25 22.00 14.00 5.25 15.00 40.00 9.50 7.25 3.50 1.12 1.72 1.78 1.20 2.85 3.50 1.78 2.85 1.68 1.82
ISL 15:00 458 3 FYLKIR 2.00 3.35 2.85 KEFLAVIK 1.25 1.18 1.54 2.50 2.15 3.20 2.30 2.45 2.95 3.20 5.25 23.00 13.00 5.50 14.00 28.00 6.75 4.50 4.50 1.05 2.25 1.42 1.35 2.25 4.50 1.85 2.25 1.42 2.25
ARG2 15:10 460 3 QUILMES 1.85 2.50 4.80 CA MITRE 1.06 1.34 1.64 2.65 1.62 5.25 2.35 1.85 4.60 3.40 4.10 25.00 16.00 3.00 17.00 28.00 8.25 8.75 2.35 1.32 1.35 2.45 1.04 4.60 2.35 1.65 4.60 1.92 1.58
ISL 15:15 461 3 VALUR 1.25 4.80 7.25 LEIKNIR REYKJAVIK - 1.07 2.89 1.85 2.30 5.00 1.68 2.70 4.75 2.05 4.25 18.00 15.00 7.00 16.00 38.00 12.00 8.50 4.50 1.05 2.45 1.35 1.38 2.20 4.50 1.90 2.20 1.55 1.95
PER 15:30 393 1 ALIANZA LIMA 1.60 3.60 4.50 ALIANZA UNIVERSIDAD 1.11 1.18 2.00 2.18 2.15 5.00 1.90 2.40 4.40 2.55 4.50 23.00 15.00 5.75 16.00 40.00 10.50 8.00 3.40 1.22 1.78 1.78 1.25 3.20 3.40 1.75 3.20 1.72 1.78
VEN 16:00 1633 3 TRUJILLANOS 15.50 8.75 1.03 ZULIA 5.59 - - 11.00 3.20 1.28 11.00 4.00 1.20 28.00 40.00 75.00 25.00 11.50 22.00 18.00 4.10 1.32 5.25 1.01 3.10 1.20 1.75 1.65 5.25 2.20 1.65 1.92 1.58
PAR 18:00 463 3 GUAIRENA 2.18 3.15 2.65 GUARANI ASUNCION 1.29 1.20 1.44 2.80 1.95 3.25 2.55 2.20 3.00 3.60 5.25 25.00 13.00 4.75 13.00 28.00 6.25 4.25 2.85 1.20 1.58 1.92 1.12 3.50 2.85 1.62 3.50 1.72 1.78
ECU 19:00 464 3 9 DE OCTUBRE FC 1.95 3.15 3.10 MANTA 1.20 1.20 1.56 2.75 1.95 3.40 2.50 2.20 3.10 3.45 5.25 25.00 14.00 4.40 14.00 28.00 6.50 4.60 3.00 1.18 1.78 1.72 1.15 3.20 3.00 1.65 3.20 1.65 1.85
EUUS 20:00 466 3 COLORADO SPRINGS 2.55 3.35 2.18 NEW MEXICO UNITED 1.45 1.18 1.32 3.10 2.05 2.70 2.85 2.35 2.50 - - - - - - - - - 3.50 1.12 1.85 1.65 1.22 2.75 3.50 1.65 2.75 1.55 1.95
EUUS 20:00 467 3 REAL MONARCHS 2.35 3.40 2.35 AUSTIN BOLD FC 1.39 1.18 1.39 2.85 2.10 2.85 2.65 2.40 2.65 - - - - - - - - - 3.20 1.15 1.80 1.70 1.20 2.85 3.20 1.70 2.85 1.60 1.90
AUS 23:05 469 3 WELLINGTON PHOENIX 1.88 3.40 3.35 WESTERN UNITED FC 1.21 1.20 1.69 2.40 2.18 3.60 2.20 2.50 3.40 3.00 5.00 22.00 14.00 5.50 14.00 28.00 7.75 5.25 4.00 1.10 2.00 1.52 1.35 2.45 4.00 1.85 2.45 1.45 2.15
